SiteName,County,AQI,Pollutant,Status,SO2,CO,O3,O3_8hr,PM10,PM2.5,NO2,NOx,NO,WindSpeed,WindDirec,DataCreationDate,Unit,CO_8hr,PM2.5_AVG,PM10_AVG,SO2_AVG,Longitude,Latitude,SiteId
馬祖,連江縣,51,細懸浮微粒,普通,1.2,0.18,50,51.0,30,13,5.3,6.0,0.7,0.7,130.0,2019-12-13 22:00,,0.2,16,29,2,119.949875,26.160469,75
金門,金門縣,58,細懸浮微粒,普通,5.4,0.3,36,43.0,56,23,12.0,13.0,0.5,2.9,70.0,2019-12-13 22:00,,0.3,19,51,4,118.312256,24.432133,77
馬公,澎湖縣,58,臭氧八小時,普通,1.6,0.17,52,57.0,43,12,2.9,3.8,1.0,4.5,29.0,2019-12-13 22:00,,0.2,15,41,2,119.566158,23.569031,78
關山,臺東縣,43,,良好,1.4,-,28,37.0,18,15,3.5,4.0,0.6,0.6,346.0,2019-12-13 22:00,,,13,25,2,121.161933,23.045082999999998,80
楠梓加工出口區,高雄市,75,細懸浮微粒,普通,2.6,0.4,18,27.0,66,29,20.0,21.0,0.6,0.9,47.0,2019-12-13 22:00,,0.4,25,60,13,,,310
高雄(楠梓),高雄市,75,細懸浮微粒,普通,2.6,0.4,18,27.0,66,29,20.0,21.0,0.6,0.9,47.0,2019-12-13 22:00,,0.4,25,60,13,,,310
士林,臺北市,36,,良好,1.6,0.23,40,39.0,23,7,8.5,8.9,0.4,3.1,122.0,2019-12-13 22:00,,0.3,8,27,2,121.51538899999998,25.105417000000003,11
中山,臺北市,40,,良好,3.9,0.72,6.5,15.0,30,10,39.0,53.0,14.0,2.3,115.0,2019-12-13 22:00,,0.7,12,32,3,121.526528,25.062361,12
萬華,臺北市,43,,良好,1.9,0.54,10,17.0,32,16,34.0,42.0,8.4,2.5,91.0,2019-12-13 22:00,,0.5,13,35,2,121.507972,25.046503,13
古亭,臺北市,40,,良好,1.9,0.52,22,24.0,25,12,22.0,24.0,1.3,1.3,59.0,2019-12-13 22:00,,0.5,12,32,2,121.529556,25.020608,14
松山,臺北市,44,,良好,3.8,0.59,4.8,15.0,31,13,35.0,49.0,14.0,1.3,42.0,2019-12-13 22:00,,0.5,14,36,2,121.57861100000001,25.05,15
大同,臺北市,49,,良好,3.4,1.01,-,,38,12,41.0,84.0,44.0,,,2019-12-13 22:00,,1.0,15,38,3,121.51331100000002,25.0632,16
桃園,桃園市,45,,良好,6.4,0.58,19,22.0,32,13,24.0,26.0,1.9,2.6,72.0,2019-12-13 22:00,,0.6,14,35,4,121.304383,24.995368,17
大園,桃園市,39,,良好,8.6,0.28,23,37.0,41,12,29.0,32.0,3.4,5.7,34.0,2019-12-13 22:00,,0.2,12,36,4,121.201811,25.060344,18
觀音,桃園市,39,,良好,4.7,0.22,43,42.0,33,10,7.3,7.2,-0.1,5.1,69.0,2019-12-13 22:00,,0.2,11,35,4,121.082761,25.035503,19
平鎮,桃園市,40,,良好,2.7,0.57,25,24.0,31,11,22.0,25.0,3.1,2.5,62.0,2019-12-13 22:00,,0.6,12,36,3,121.20398600000001,24.952786,20
龍潭,桃園市,44,,良好,3.5,0.46,18,28.0,26,12,22.0,26.0,3.9,0.5,95.0,2019-12-13 22:00,,0.4,14,31,3,121.21635,24.863869,21
湖口,新竹縣,44,,良好,2.9,0.3,20,35.0,30,17,22.0,23.0,0.5,3.0,44.0,2019-12-13 22:00,,0.2,14,34,3,121.038653,24.900142000000002,22
竹東,新竹縣,60,細懸浮微粒,普通,3.9,0.47,9.6,23.0,31,19,13.0,17.0,4.7,1.1,130.0,2019-12-13 22:00,,0.5,19,36,3,121.088903,24.740644,23
新竹,新竹市,53,細懸浮微粒,普通,4.3,0.48,9.8,27.0,36,19,30.0,32.0,2.0,1.5,49.0,2019-12-13 22:00,,0.4,17,39,3,120.972075,24.805619,24
頭份,苗栗縣,53,細懸浮微粒,普通,2.4,0.68,2.4,21.0,40,18,36.0,48.0,13.0,0.4,313.0,2019-12-13 22:00,,0.4,16,44,2,120.898572,24.696969,25
苗栗,苗栗縣,60,細懸浮微粒,普通,2.7,0.74,1.3,18.0,37,19,29.0,42.0,13.0,0.4,352.0,2019-12-13 22:00,,0.5,19,43,2,120.8202,24.565269,26
三義,苗栗縣,57,細懸浮微粒,普通,2.0,0.28,23,32.0,30,16,11.0,12.0,0.8,1.7,22.0,2019-12-13 22:00,,0.3,18,38,2,120.75883300000001,24.382942,27
豐原,臺中市,65,細懸浮微粒,普通,1.2,0.33,7.5,29.0,26,17,16.0,20.0,3.2,2.0,112.0,2019-12-13 22:00,,0.3,21,42,2,120.74171100000001,24.256586,28
沙鹿,臺中市,50,,良好,2.4,0.41,11,35.0,46,20,25.0,27.0,1.7,2.0,6.0,2019-12-13 22:00,,0.2,15,41,2,120.568794,24.225628,29
大里,臺中市,59,細懸浮微粒,普通,3.6,0.81,3.4,24.0,43,16,32.0,43.0,11.0,0.6,111.0,2019-12-13 22:00,,0.5,19,49,3,120.67768899999999,24.099611,30
忠明,臺中市,58,細懸浮微粒,普通,2.2,0.47,12,29.0,45,21,25.0,25.0,0.8,1.0,62.0,2019-12-13 22:00,,0.4,18,45,2,120.64109199999999,24.151958,31
西屯,臺中市,56,細懸浮微粒,普通,2.6,0.39,14,32.0,57,21,20.0,22.0,2.0,1.0,17.0,2019-12-13 22:00,,0.3,18,55,3,120.61691699999999,24.162197,32
彰化,彰化縣,49,,良好,2.7,0.7,9.1,29.0,43,16,27.0,28.0,1.6,0.7,352.0,2019-12-13 22:00,,0.5,15,44,2,120.541519,24.066,33
線西,彰化縣,41,,良好,5.2,0.25,21,38.0,51,16,17.0,17.0,-0.4,2.4,42.0,2019-12-13 22:00,,0.3,13,44,4,120.46906100000001,24.131672000000002,34
二林,彰化縣,46,,良好,2.8,0.3,25,35.0,49,14,10.0,12.0,1.4,1.5,61.0,2019-12-13 22:00,,0.3,14,47,4,120.409653,23.925175,35
南投,南投縣,61,細懸浮微粒,普通,1.7,0.66,2.7,28.0,46,19,23.0,37.0,13.0,1.1,176.0,2019-12-13 22:00,,0.5,20,50,1,120.68530600000001,23.913,36
斗六,雲林縣,79,細懸浮微粒,普通,1.2,0.4,11,32.0,68,37,22.0,25.0,2.9,0.8,83.0,2019-12-13 22:00,,0.3,27,63,2,120.54499399999999,23.711853,37
崙背,雲林縣,57,細懸浮微粒,普通,2.0,0.23,26,37.0,42,15,9.1,11.0,1.5,0.6,332.0,2019-12-13 22:00,,0.2,18,49,3,120.34874199999999,23.757547,38
新港,嘉義縣,62,細懸浮微粒,普通,2.5,0.26,25,36.0,50,20,11.0,12.0,0.5,0.8,45.0,2019-12-13 22:00,,0.2,20,58,3,120.34553100000001,23.554839,39
朴子,嘉義縣,44,,良好,1.7,0.2,34,39.0,38,10,5.2,6.9,1.7,0.8,11.0,2019-12-13 22:00,,0.2,13,47,2,120.24781000000002,23.467123,40
臺西,雲林縣,45,,良好,1.9,0.13,45,49.0,36,11,3.0,4.2,1.2,4.7,17.0,2019-12-13 22:00,,0.1,12,34,2,120.20284199999999,23.717533,41
嘉義,嘉義市,71,細懸浮微粒,普通,3.7,0.53,12,28.0,54,24,26.0,26.0,0.6,1.6,63.0,2019-12-13 22:00,,0.5,24,57,4,120.44083300000001,23.462778,42
新營,臺南市,71,細懸浮微粒,普通,1.6,0.32,20,35.0,63,40,15.0,17.0,1.1,1.6,31.0,2019-12-13 22:00,,0.3,24,52,2,120.31725,23.305633,43
善化,臺南市,62,細懸浮微粒,普通,1.9,0.3,19,37.0,59,28,17.0,18.0,1.1,2.2,5.3,2019-12-13 22:00,,0.2,20,54,3,120.297142,23.115097,44
安南,臺南市,61,細懸浮微粒,普通,1.6,0.28,31,43.0,49,16,10.0,11.0,0.2,2.2,27.0,2019-12-13 22:00,,0.2,20,50,3,120.2175,23.048197000000002,45
臺南,臺南市,63,細懸浮微粒,普通,2.0,0.34,30,39.0,48,22,13.0,14.0,1.3,2.3,13.0,2019-12-13 22:00,,0.4,21,48,3,120.20261699999999,22.984581,46
美濃,高雄市,53,細懸浮微粒,普通,0.7,0.34,16,40.0,25,16,12.0,15.0,2.2,0.6,63.0,2019-12-13 22:00,,0.3,17,31,1,120.530542,22.883582999999998,47
橋頭,高雄市,69,細懸浮微粒,普通,3.7,0.43,14,32.0,62,30,23.0,25.0,1.7,2.8,11.0,2019-12-13 22:00,,0.4,23,59,4,120.30568899999999,22.757506,48
仁武,高雄市,74,細懸浮微粒,普通,2.9,0.43,13,32.0,57,31,27.0,28.0,1.2,2.9,328.0,2019-12-13 22:00,,0.4,25,58,3,120.332631,22.689056,49
鳳山,高雄市,65,細懸浮微粒,普通,3.7,0.6,8.1,30.0,68,23,35.0,38.0,2.6,1.4,324.0,2019-12-13 22:00,,0.5,21,61,3,120.35808300000001,22.627392,50
大寮,高雄市,71,細懸浮微粒,普通,3.0,0.34,19,37.0,64,26,21.0,23.0,2.2,1.8,324.0,2019-12-13 22:00,,0.3,24,57,4,120.425081,22.565747,51
林園,高雄市,71,細懸浮微粒,普通,3.2,0.44,18,39.0,72,26,28.0,29.0,0.8,2.0,12.0,2019-12-13 22:00,,0.5,24,64,4,120.41175,22.4795,52
楠梓,高雄市,69,細懸浮微粒,普通,1.9,0.41,14,34.0,60,25,23.0,24.0,1.4,2.7,321.0,2019-12-13 22:00,,0.4,23,61,2,120.32828899999998,22.733667,53
左營,高雄市,68,細懸浮微粒,普通,2.8,0.47,18,37.0,64,25,21.0,22.0,0.8,1.4,326.0,2019-12-13 22:00,,0.4,22,53,3,120.29291699999999,22.674861,54
前金,高雄市,75,細懸浮微粒,普通,1.4,0.51,18,38.0,68,30,21.0,23.0,2.0,2.9,341.0,2019-12-13 22:00,,0.4,25,57,2,120.288086,22.632567,56
前鎮,高雄市,64,細懸浮微粒,普通,2.5,0.71,14,31.0,65,23,28.0,35.0,6.9,2.4,5.5,2019-12-13 22:00,,0.6,21,67,2,120.30756399999999,22.605386,57
小港,高雄市,69,細懸浮微粒,普通,2.8,0.55,8.3,32.0,67,25,37.0,40.0,2.9,1.6,345.0,2019-12-13 22:00,,0.5,23,59,2,120.337736,22.565832999999998,58
屏東,屏東縣,60,細懸浮微粒,普通,2.0,0.56,23,44.0,60,23,25.0,26.0,0.7,1.4,2.0,2019-12-13 22:00,,0.4,19,50,2,120.488033,22.673081,59
潮州,屏東縣,63,細懸浮微粒,普通,0.4,0.31,22,43.0,44,21,11.0,11.0,0.3,1.4,43.0,2019-12-13 22:00,,0.3,20,47,1,120.561175,22.523107999999997,60
恆春,屏東縣,54,臭氧八小時,普通,1.4,0.23,53,56.0,25,13,2.7,3.0,0.3,7.3,35.0,2019-12-13 22:00,,0.3,15,27,1,120.788928,21.958069000000002,61
臺東,臺東縣,45,,良好,1.4,0.41,35,45.0,25,15,7.0,7.8,0.8,1.8,325.0,2019-12-13 22:00,,0.4,14,32,2,121.15045,22.755357999999998,62
花蓮,花蓮縣,48,,良好,2.0,0.47,20,33.0,31,11,14.0,16.0,2.3,0.4,280.0,2019-12-13 22:00,,0.4,15,34,2,121.599769,23.971306,63
陽明,臺北市,38,,良好,0.5,0.14,40,41.0,8,5,1.0,1.9,0.9,,,2019-12-13 22:00,,0.1,7,13,1,121.529583,25.182722000000002,64
宜蘭,宜蘭縣,35,,良好,1.5,0.27,22,34.0,25,9,4.9,6.4,1.5,0.6,290.0,2019-12-13 22:00,,0.3,11,26,1,121.746394,24.747917,65
冬山,宜蘭縣,39,,良好,1.9,0.36,13,29.0,33,13,15.0,17.0,1.4,0.6,274.0,2019-12-13 22:00,,0.3,12,34,1,121.792928,24.632203,66
三重,新北市,55,細懸浮微粒,普通,5.7,1.58,-,,40,17,43.0,110.0,67.0,,,2019-12-13 22:00,,1.5,17,41,4,121.493806,25.072611,67
中壢,桃園市,46,,良好,3.1,0.97,15,14.0,33,13,32.0,53.0,21.0,1.1,360.0,2019-12-13 22:00,,0.9,14,35,3,121.221667,24.953278,68
竹山,南投縣,83,細懸浮微粒,普通,2.4,0.33,9,34.0,51,24,19.0,21.0,1.8,0.5,291.0,2019-12-13 22:00,,0.3,29,55,2,120.677306,23.756389000000002,69
永和,新北市,35,,良好,1.4,0.6,22,24.0,27,11,23.0,29.0,5.7,2.0,79.0,2019-12-13 22:00,,0.6,11,33,2,121.516306,25.017,70
復興,高雄市,68,細懸浮微粒,普通,3.4,0.79,12,28.0,68,29,31.0,38.0,7.8,1.1,129.0,2019-12-13 22:00,,0.7,23,58,3,120.312017,22.608711,71
埔里,南投縣,83,細懸浮微粒,普通,3.6,0.59,16,47.0,38,27,25.0,27.0,1.9,0.6,134.0,2019-12-13 22:00,,0.6,28,47,2,120.967903,23.968842000000002,72
麥寮,雲林縣,39,,良好,1.2,0.21,35,40.0,37,12,6.0,6.7,0.8,2.1,1.2,2019-12-13 22:00,,0.2,12,41,2,120.251825,23.753505999999998,83
富貴角,新北市,43,,良好,0.1,0.14,49,46.0,35,12,1.0,1.0,0.1,7.0,3.5,2019-12-13 22:00,,0.1,11,43,1,121.536763,25.298562,84
臺南(麻豆),臺南市,52,細懸浮微粒,普通,4.1,0.04,27,39.0,42,10,11.0,12.0,1.0,1.5,340.0,2019-12-13 22:00,,0.1,16,48,5,,,201
彰化(大城),彰化縣,48,,良好,1.9,0.12,46,52.0,33,9,3.7,3.6,-0.1,3.1,52.0,2019-12-13 22:00,,0.1,11,33,2,,,202
新北(樹林),新北市,41,,良好,1.9,0.52,16,16.0,35,12,24.0,32.0,7.7,0.7,174.0,2019-12-13 22:00,,0.5,13,37,2,120.34874199999999,23.757547,203
屏東(琉球),屏東縣,67,細懸浮微粒,普通,12.0,1.1,8.9,43.0,74,31,45.0,46.0,1.3,2.1,326.0,2019-12-13 22:00,,0.4,22,53,5,,,204
桃園(觀音工業區),桃園市,40,,良好,0.1,0.1,34,30.0,44,12,4.2,4.5,0.3,3.2,65.0,2019-12-13 22:00,,0.1,12,43,1,,,312
高雄(左營),高雄市,72,細懸浮微粒,普通,1.0,0.36,18,35.0,66,24,16.0,17.0,1.0,0.8,199.0,2019-12-13 22:00,,0.3,24,64,1,,,313
富貴角,新北市,43,,良好,0.6,0.14,44,46.0,45,10,4.8,4.8,0.1,5.9,88.0,2019-12-13 23:00,,0.1,11,43,1,121.536763,25.298562,84
臺南(麻豆),臺南市,47,,良好,4.0,0.04,21,35.0,48,12,13.0,14.0,1.1,0.5,88.0,2019-12-13 23:00,,0.1,14,47,5,,,201
彰化(大城),彰化縣,46,,良好,2.2,0.17,37,50.0,38,11,7.1,7.0,-0.1,1.1,41.0,2019-12-13 23:00,,0.1,11,34,2,,,202
新北(樹林),新北市,40,,良好,1.6,0.47,21,17.0,31,11,20.0,25.0,5.1,0.9,163.0,2019-12-13 23:00,,0.5,12,37,2,120.34874199999999,23.757547,203
屏東(琉球),屏東縣,75,細懸浮微粒,普通,11.0,0.91,9.4,34.0,77,37,41.0,43.0,2.0,2.1,331.0,2019-12-13 23:00,,0.5,25,58,6,,,204
高雄(楠梓),高雄市,74,細懸浮微粒,普通,2.6,0.39,15,24.0,60,25,19.0,20.0,0.9,1.7,60.0,2019-12-13 23:00,,0.4,25,60,12,,,310
基隆,基隆市,37,,良好,2.1,0.41,5.3,15.0,26,9,27.0,35.0,8.6,0.7,291.0,2019-12-13 23:00,,0.5,11,31,2,121.760056,25.129167000000002,1
汐止,新北市,44,,良好,5.0,0.55,2.9,14.0,30,11,35.0,49.0,13.0,2.0,32.0,2019-12-13 23:00,,0.5,14,34,4,121.6423,25.067131,2
萬里,新北市,39,,良好,2.1,0.23,17,25.0,21,12,9.5,12.0,2.3,1.0,204.0,2019-12-13 23:00,,0.2,12,30,2,121.689881,25.179667000000002,3
新店,新北市,37,,良好,2.3,0.49,18,23.0,22,11,,,,1.4,112.0,2019-12-13 23:00,,0.5,11,27,2,121.537778,24.977222,4
土城,新北市,33,,良好,1.5,0.49,23,25.0,27,10,21.0,22.0,0.6,1.3,335.0,2019-12-13 23:00,,0.5,10,31,2,121.45186100000001,24.982528,5
板橋,新北市,40,,良好,10.0,0.54,19,17.0,29,10,26.0,29.0,2.7,3.2,65.0,2019-12-13 23:00,,0.6,12,34,5,121.45866699999999,25.012972,6
新莊,新北市,42,,良好,2.3,0.46,21,24.0,37,11,24.0,25.0,1.4,3.8,59.0,2019-12-13 23:00,,0.5,13,39,3,121.4325,25.037972,7
菜寮,新北市,40,,良好,3.4,0.46,17,20.0,30,10,25.0,28.0,3.1,2.6,79.0,2019-12-13 23:00,,0.5,12,31,3,121.48102800000001,25.06895,8
林口,新北市,37,,良好,8.3,0.3,22,24.0,29,8,22.0,24.0,1.9,2.5,87.0,2019-12-13 23:00,,0.3,11,30,4,121.376869,25.077197,9
淡水,新北市,42,,良好,0.7,0.65,5.5,15.0,24,12,22.0,30.0,7.7,,,2019-12-13 23:00,,0.5,13,22,1,121.44923899999999,25.1645,10
士林,臺北市,35,,良好,2.2,0.23,39,38.0,25,5,8.7,9.5,0.7,1.6,91.0,2019-12-13 23:00,,0.3,8,26,2,121.51538899999998,25.105417000000003,11
中山,臺北市,38,,良好,3.1,0.65,10,13.0,34,10,35.0,44.0,9.3,1.6,121.0,2019-12-13 23:00,,0.7,12,32,3,121.526528,25.062361,12
萬華,臺北市,42,,良好,1.5,0.53,11,15.0,33,12,33.0,40.0,7.1,2.2,96.0,2019-12-13 23:00,,0.5,13,34,2,121.507972,25.046503,13
古亭,臺北市,36,,良好,1.8,0.41,24,22.0,27,8,19.0,20.0,1.1,1.3,87.0,2019-12-13 23:00,,0.5,11,31,2,121.529556,25.020608,14
松山,臺北市,47,,良好,3.5,0.55,6.7,12.0,31,17,33.0,44.0,11.0,1.6,70.0,2019-12-13 23:00,,0.5,15,35,3,121.57861100000001,25.05,15
大同,臺北市,47,,良好,2.7,1.03,-,,34,14,41.0,84.0,43.0,,,2019-12-13 23:00,,1.1,15,37,3,121.51331100000002,25.0632,16
桃園,桃園市,45,,良好,3.4,0.5,22,21.0,30,14,21.0,22.0,1.6,3.2,75.0,2019-12-13 23:00,,0.6,14,34,4,121.304383,24.995368,17
大園,桃園市,38,,良好,7.7,0.28,25,34.0,34,10,29.0,33.0,3.7,5.7,35.0,2019-12-13 23:00,,0.2,12,35,4,121.201811,25.060344,18
觀音,桃園市,38,,良好,4.4,0.23,43,41.0,34,11,7.8,7.8,0.0,5.3,76.0,2019-12-13 23:00,,0.2,11,35,4,121.082761,25.035503,19
平鎮,桃園市,40,,良好,3.1,0.5,25,23.0,34,11,20.0,23.0,2.1,2.5,43.0,2019-12-13 23:00,,0.6,12,35,3,121.20398600000001,24.952786,20
龍潭,桃園市,43,,良好,3.2,0.46,17,25.0,24,14,22.0,23.0,1.5,1.1,80.0,2019-12-13 23:00,,0.5,13,30,4,121.21635,24.863869,21
湖口,新竹縣,44,,良好,2.7,0.3,21,32.0,28,14,21.0,21.0,0.2,2.8,57.0,2019-12-13 23:00,,0.2,14,33,3,121.038653,24.900142000000002,22
竹東,新竹縣,58,細懸浮微粒,普通,3.1,0.42,9.9,19.0,18,11,11.0,13.0,2.4,0.9,147.0,2019-12-13 23:00,,0.5,18,34,3,121.088903,24.740644,23
新竹,新竹市,52,細懸浮微粒,普通,4.1,0.47,7.9,22.0,38,14,30.0,33.0,2.6,1.3,27.0,2019-12-13 23:00,,0.4,16,39,3,120.972075,24.805619,24
頭份,苗栗縣,54,細懸浮微粒,普通,1.7,0.72,2.1,16.0,36,21,29.0,47.0,18.0,1.0,105.0,2019-12-13 23:00,,0.5,17,41,2,120.898572,24.696969,25
苗栗,苗栗縣,58,細懸浮微粒,普通,2.3,1,0,13.0,39,19,25.0,63.0,38.0,0.5,346.0,2019-12-13 23:00,,0.6,18,41,2,120.8202,24.565269,26
三義,苗栗縣,57,細懸浮微粒,普通,1.7,0.27,19,29.0,19,17,11.0,11.0,0.5,0.5,20.0,2019-12-13 23:00,,0.3,18,34,2,120.75883300000001,24.382942,27
豐原,臺中市,64,細懸浮微粒,普通,1.1,0.34,13,24.0,33,22,15.0,17.0,2.2,2.1,114.0,2019-12-13 23:00,,0.3,21,39,2,120.74171100000001,24.256586,28
沙鹿,臺中市,55,細懸浮微粒,普通,2.8,0.45,4.9,29.0,41,24,28.0,30.0,2.9,1.3,2.2,2019-12-13 23:00,,0.3,17,41,2,120.568794,24.225628,29
大里,臺中市,60,細懸浮微粒,普通,3.9,0.9,1.3,19.0,51,25,28.0,41.0,13.0,1.1,117.0,2019-12-13 23:00,,0.6,19,49,3,120.67768899999999,24.099611,30
忠明,臺中市,58,細懸浮微粒,普通,2.7,0.68,4,24.0,51,24,33.0,42.0,9.1,0.9,309.0,2019-12-13 23:00,,0.4,18,46,2,120.64109199999999,24.151958,31
西屯,臺中市,57,細懸浮微粒,普通,2.6,0.4,9.6,27.0,57,21,23.0,25.0,1.6,1.0,355.0,2019-12-13 23:00,,0.3,18,55,3,120.61691699999999,24.162197,32
彰化,彰化縣,50,,良好,2.5,0.61,3.8,24.0,46,19,29.0,32.0,2.3,1.6,22.0,2019-12-13 23:00,,0.5,15,44,2,120.541519,24.066,33
線西,彰化縣,43,,良好,5.4,0.35,9.5,33.0,52,18,25.0,25.0,0.4,1.7,37.0,2019-12-13 23:00,,0.3,13,45,4,120.46906100000001,24.131672000000002,34
二林,彰化縣,47,,良好,3.0,0.29,17,32.0,60,19,14.0,15.0,1.3,1.2,8.7,2019-12-13 23:00,,0.3,14,50,4,120.409653,23.925175,35
南投,南投縣,61,細懸浮微粒,普通,1.8,0.54,2.8,20.0,44,22,21.0,28.0,6.6,0.8,184.0,2019-12-13 23:00,,0.5,20,48,1,120.68530600000001,23.913,36
斗六,雲林縣,78,細懸浮微粒,普通,2.1,0.54,3.4,26.0,64,29,26.0,30.0,4.7,0.5,154.0,2019-12-13 23:00,,0.4,26,63,2,120.54499399999999,23.711853,37
崙背,雲林縣,59,細懸浮微粒,普通,1.8,0.28,20,33.0,39,21,8.8,10.0,1.6,0.6,295.0,2019-12-13 23:00,,0.2,19,47,3,120.34874199999999,23.757547,38
新港,嘉義縣,60,細懸浮微粒,普通,1.9,0.33,17,32.0,47,16,14.0,14.0,0.6,0.5,26.0,2019-12-13 23:00,,0.3,19,56,3,120.34553100000001,23.554839,39
朴子,嘉義縣,42,,良好,1.8,0.21,28,36.0,37,9,5.9,7.7,1.8,0.5,22.0,2019-12-13 23:00,,0.2,12,45,2,120.24781000000002,23.467123,40
臺西,雲林縣,44,,良好,2.1,0.13,41,48.0,38,12,3.6,4.9,1.3,2.7,30.0,2019-12-13 23:00,,0.1,12,35,2,120.20284199999999,23.717533,41
嘉義,嘉義市,71,細懸浮微粒,普通,1.9,0.48,10,24.0,50,26,22.0,23.0,0.9,0.6,110.0,2019-12-13 23:00,,0.5,24,55,4,120.44083300000001,23.462778,42
新營,臺南市,69,細懸浮微粒,普通,1.6,0.33,14,30.0,53,22,18.0,19.0,1.1,1.2,25.0,2019-12-13 23:00,,0.3,23,52,2,120.31725,23.305633,43
善化,臺南市,62,細懸浮微粒,普通,2.0,0.3,19,33.0,53,21,15.0,15.0,0.8,0.5,29.0,2019-12-13 23:00,,0.3,20,53,3,120.297142,23.115097,44
安南,臺南市,57,細懸浮微粒,普通,1.6,0.28,26,39.0,48,16,13.0,14.0,0.4,1.3,18.0,2019-12-13 23:00,,0.3,18,48,3,120.2175,23.048197000000002,45
臺南,臺南市,61,細懸浮微粒,普通,1.8,0.34,26,36.0,46,18,14.0,15.0,1.1,1.4,21.0,2019-12-13 23:00,,0.4,20,46,3,120.20261699999999,22.984581,46
美濃,高雄市,53,細懸浮微粒,普通,0.8,0.25,23,35.0,31,15,6.3,8.5,2.2,0.8,72.0,2019-12-13 23:00,,0.3,16,31,1,120.530542,22.883582999999998,47
橋頭,高雄市,68,細懸浮微粒,普通,3.9,0.38,14,27.0,61,25,20.0,21.0,1.4,1.6,27.0,2019-12-13 23:00,,0.4,23,59,3,120.30568899999999,22.757506,48
仁武,高雄市,74,細懸浮微粒,普通,3.2,0.41,12,26.0,62,26,23.0,24.0,0.8,2.5,329.0,2019-12-13 23:00,,0.4,25,58,3,120.332631,22.689056,49
鳳山,高雄市,66,細懸浮微粒,普通,4.2,0.51,5.8,23.0,66,25,32.0,35.0,2.8,1.2,316.0,2019-12-13 23:00,,0.5,21,62,3,120.35808300000001,22.627392,50
大寮,高雄市,73,細懸浮微粒,普通,2.1,0.32,18,31.0,60,28,18.0,19.0,1.8,2.4,324.0,2019-12-13 23:00,,0.3,25,59,4,120.425081,22.565747,51
林園,高雄市,72,細懸浮微粒,普通,2.3,0.38,20,33.0,77,26,21.0,21.0,0.6,2.3,20.0,2019-12-13 23:00,,0.5,24,66,4,120.41175,22.4795,52
楠梓,高雄市,68,細懸浮微粒,普通,2.1,0.39,12,28.0,55,24,20.0,21.0,1.0,1.4,332.0,2019-12-13 23:00,,0.4,23,60,2,120.32828899999998,22.733667,53
左營,高雄市,66,細懸浮微粒,普通,3.1,0.47,14,32.0,65,22,23.0,24.0,0.8,2.8,360.0,2019-12-13 23:00,,0.4,22,55,3,120.29291699999999,22.674861,54
前金,高雄市,77,細懸浮微粒,普通,1.6,0.49,14,32.0,70,31,21.0,23.0,1.4,2.5,354.0,2019-12-13 23:00,,0.4,26,60,2,120.288086,22.632567,56
前鎮,高雄市,66,細懸浮微粒,普通,2.7,0.67,11,25.0,67,25,27.0,33.0,6.8,2.5,20.0,2019-12-13 23:00,,0.6,22,68,2,120.30756399999999,22.605386,57
小港,高雄市,71,細懸浮微粒,普通,2.9,0.51,10,25.0,59,26,31.0,33.0,2.6,1.9,7.5,2019-12-13 23:00,,0.5,24,60,2,120.337736,22.565832999999998,58
屏東,屏東縣,64,細懸浮微粒,普通,1.7,0.47,18,37.0,65,28,24.0,25.0,0.8,1.3,342.0,2019-12-13 23:00,,0.4,21,54,2,120.488033,22.673081,59
潮州,屏東縣,61,細懸浮微粒,普通,0.3,0.48,21,38.0,39,20,10.0,11.0,0.3,1.4,41.0,2019-12-13 23:00,,0.3,20,44,1,120.561175,22.523107999999997,60
恆春,屏東縣,54,臭氧八小時,普通,1.3,0.23,53,56.0,21,14,2.1,2.7,0.6,7.0,31.0,2019-12-13 23:00,,0.3,14,25,1,120.788928,21.958069000000002,61
臺東,臺東縣,44,,良好,1.4,0.34,37,43.0,26,11,4.8,5.5,0.7,2.0,320.0,2019-12-13 23:00,,0.4,14,31,1,121.15045,22.755357999999998,62
花蓮,花蓮縣,47,,良好,1.9,0.32,21,29.0,30,13,9.5,11.0,1.7,0.4,222.0,2019-12-13 23:00,,0.4,15,33,2,121.599769,23.971306,63
陽明,臺北市,37,,良好,0.8,0.13,39,40.0,8,2,1.0,2.0,1.0,,,2019-12-13 23:00,,0.1,6,11,1,121.529583,25.182722000000002,64
宜蘭,宜蘭縣,35,,良好,1.4,0.36,17,31.0,24,12,8.0,9.3,1.3,0.5,169.0,2019-12-13 23:00,,0.3,11,26,1,121.746394,24.747917,65
冬山,宜蘭縣,40,,良好,1.4,0.35,18,27.0,24,12,11.0,12.0,0.6,1.0,197.0,2019-12-13 23:00,,0.3,12,33,1,121.792928,24.632203,66
楠梓加工出口區,高雄市,74,細懸浮微粒,普通,2.6,0.39,15,24.0,60,25,19.0,20.0,0.9,1.7,60.0,2019-12-13 23:00,,0.4,25,60,12,,,310
桃園(觀音工業區),桃園市,40,,良好,0.2,0.1,35,31.0,35,14,3.5,3.7,0.2,3.4,59.0,2019-12-13 23:00,,0.1,12,42,1,,,312
三重,新北市,54,細懸浮微粒,普通,5.0,1.34,-,,34,16,40.0,103.0,63.0,,,2019-12-13 23:00,,1.6,17,39,5,121.493806,25.072611,67
中壢,桃園市,43,,良好,3.3,0.69,18,13.0,32,11,26.0,35.0,8.6,1.1,25.0,2019-12-13 23:00,,0.9,13,35,3,121.221667,24.953278,68
竹山,南投縣,77,細懸浮微粒,普通,2.1,0.25,9.3,27.0,38,21,16.0,17.0,1.4,0.5,143.0,2019-12-13 23:00,,0.3,26,51,2,120.677306,23.756389000000002,69
永和,新北市,33,,良好,1.1,0.53,24,23.0,25,9,20.0,24.0,4.1,2.1,72.0,2019-12-13 23:00,,0.6,10,31,2,121.516306,25.017,70
復興,高雄市,69,細懸浮微粒,普通,3.5,0.68,11,23.0,61,25,26.0,33.0,6.4,1.3,120.0,2019-12-13 23:00,,0.7,23,59,3,120.312017,22.608711,71
埔里,南投縣,79,細懸浮微粒,普通,3.6,0.54,12,39.0,36,28,24.0,26.0,2.0,0.6,186.0,2019-12-13 23:00,,0.6,27,43,2,120.967903,23.968842000000002,72
馬祖,連江縣,52,細懸浮微粒,普通,1.3,0.18,38,49.0,32,20,9.3,9.9,0.7,0.8,115.0,2019-12-13 23:00,,0.2,16,30,2,119.949875,26.160469,75
金門,金門縣,61,細懸浮微粒,普通,4.2,0.24,36,41.0,48,23,9.4,10.0,0.6,1.8,32.0,2019-12-13 23:00,,0.3,20,51,4,118.312256,24.432133,77
馬公,澎湖縣,54,臭氧八小時,普通,1.9,0.16,46,56.0,45,17,3.2,4.1,0.9,4.4,22.0,2019-12-13 23:00,,0.2,15,42,2,119.566158,23.569031,78
關山,臺東縣,44,,良好,1.6,-,23,34.0,20,15,3.0,3.9,0.9,0.5,296.0,2019-12-13 23:00,,,14,24,2,121.161933,23.045082999999998,80
麥寮,雲林縣,40,,良好,1.2,0.22,28,38.0,40,13,7.1,8.6,1.5,1.4,19.0,2019-12-13 23:00,,0.2,12,41,2,120.251825,23.753505999999998,83
高雄(左營),高雄市,71,細懸浮微粒,普通,1.1,0.33,16,30.0,64,26,15.0,15.0,0.4,1.8,204.0,2019-12-13 23:00,,0.3,24,64,1,,,313
基隆,基隆市,45,,良好,1.7,0.22,44,49.0,38,10,4.8,5.3,0.5,0.5,285.0,2019-12-13 01:00,,0.3,14,40,2,121.760056,25.129167000000002,1
汐止,新北市,59,細懸浮微粒,普通,1.8,0.32,30,30.0,37,15,16.0,17.0,1.8,1.4,48.0,2019-12-13 01:00,,0.4,19,42,2,121.6423,25.067131,2
萬里,新北市,54,懸浮微粒,普通,2.5,0.2,52,54.0,56,18,2.3,2.8,0.5,2.7,70.0,2019-12-13 01:00,,0.2,17,60,2,121.689881,25.179667000000002,3
新店,新北市,56,細懸浮微粒,普通,1.4,0.31,36,42.0,30,14,,,,1.4,100.0,2019-12-13 01:00,,0.4,18,36,2,121.537778,24.977222,4
土城,新北市,43,,良好,1.4,0.34,43,44.0,31,10,7.3,7.4,0.1,1.7,2.5,2019-12-13 01:00,,0.5,13,42,2,121.45186100000001,24.982528,5
板橋,新北市,56,細懸浮微粒,普通,2.6,0.38,38,34.0,35,17,11.0,11.0,0.5,1.3,113.0,2019-12-13 01:00,,0.6,18,40,5,121.45866699999999,25.012972,6
新莊,新北市,56,細懸浮微粒,普通,1.5,0.33,42,39.0,44,13,11.0,11.0,0.7,1.3,92.0,2019-12-13 01:00,,0.5,18,44,2,121.4325,25.037972,7
菜寮,新北市,56,細懸浮微粒,普通,1.8,0.38,31,31.0,32,14,14.0,17.0,2.2,2.7,103.0,2019-12-13 01:00,,0.5,18,36,2,121.48102800000001,25.06895,8
林口,新北市,55,細懸浮微粒,普通,1.1,0.3,42,40.0,23,15,9.7,11.0,1.4,4.0,107.0,2019-12-13 01:00,,0.4,17,37,3,121.376869,25.077197,9
淡水,新北市,49,,良好,2.1,0.4,28,39.0,25,12,11.0,12.0,0.4,,,2019-12-13 01:00,,0.4,15,30,2,121.44923899999999,25.1645,10
士林,臺北市,44,,良好,6.0,0.23,42,47.0,30,10,9.2,9.5,0.3,2.8,96.0,2019-12-13 01:00,,0.3,12,33,3,121.51538899999998,25.105417000000003,11
中山,臺北市,55,細懸浮微粒,普通,1.7,0.38,34,26.0,35,17,15.0,15.0,0.2,2.7,121.0,2019-12-13 01:00,,0.6,17,38,2,121.526528,25.062361,12
斗六,雲林縣,110,細懸浮微粒,對敏感族群不健康,2.6,0.58,11,30.0,84,41,26.0,28.0,1.7,0.7,112.0,2019-12-13 00:00,,0.5,39,83,3,120.54499399999999,23.711853,37
崙背,雲林縣,85,細懸浮微粒,普通,2.4,0.6,21,38.0,66,27,16.0,18.0,2.1,0.9,10.0,2019-12-13 00:00,,0.4,30,68,2,120.34874199999999,23.757547,38
埔里,南投縣,93,細懸浮微粒,普通,2.9,0.44,21,37.0,51,32,20.0,22.0,2.1,1.1,71.0,2019-12-13 00:00,,0.6,33,53,2,120.967903,23.968842000000002,72
馬祖,連江縣,70,細懸浮微粒,普通,2.7,0.19,48,54.0,42,23,4.3,5.3,1.0,2.6,332.0,2019-12-13 00:00,,0.2,23,50,3,119.949875,26.160469,75
麥寮,雲林縣,71,細懸浮微粒,普通,1.0,0.45,27,39.0,60,24,11.0,11.0,1.0,1.9,4.7,2019-12-13 00:00,,0.4,24,64,2,120.251825,23.753505999999998,83
富貴角,新北市,46,,良好,0.1,0.16,48,50.0,43,13,0.9,0.9,0.0,7.8,97.0,2019-12-13 00:00,,0.2,14,48,1,121.536763,25.298562,84
基隆,基隆市,47,,良好,1.8,0.2,45,50.0,33,13,5.7,6.8,1.1,1.3,97.0,2019-12-13 00:00,,0.3,15,41,2,121.760056,25.129167000000002,1
汐止,新北市,61,細懸浮微粒,普通,2.4,0.43,22,33.0,39,17,25.0,28.0,2.8,1.5,46.0,2019-12-13 00:00,,0.4,20,44,2,121.6423,25.067131,2
萬里,新北市,56,懸浮微粒,普通,2.4,0.19,52,55.0,56,15,2.3,2.9,0.6,3.2,65.0,2019-12-13 00:00,,0.3,16,62,2,121.689881,25.179667000000002,3
新店,新北市,58,細懸浮微粒,普通,1.4,0.29,42,44.0,32,15,,,,1.9,84.0,2019-12-13 00:00,,0.4,18,38,2,121.537778,24.977222,4
土城,新北市,45,,良好,1.3,0.36,45,45.0,36,10,7.6,7.8,0.2,1.3,344.0,2019-12-13 00:00,,0.5,14,44,2,121.45186100000001,24.982528,5
板橋,新北市,58,細懸浮微粒,普通,12.0,0.42,37,34.0,34,9,13.0,14.0,0.7,1.3,93.0,2019-12-13 00:00,,0.6,18,41,6,121.45866699999999,25.012972,6
新莊,新北市,59,細懸浮微粒,普通,1.5,0.39,39,39.0,32,14,15.0,16.0,1.4,1.9,74.0,2019-12-13 00:00,,0.5,19,44,2,121.4325,25.037972,7
菜寮,新北市,60,細懸浮微粒,普通,1.7,0.47,28,31.0,35,14,19.0,22.0,2.8,3.3,113.0,2019-12-13 00:00,,0.5,19,38,2,121.48102800000001,25.06895,8
林口,新北市,55,細懸浮微粒,普通,1.6,0.35,39,40.0,37,16,13.0,14.0,1.4,3.7,113.0,2019-12-13 00:00,,0.4,17,39,3,121.376869,25.077197,9
淡水,新北市,52,細懸浮微粒,普通,1.8,0.49,27,42.0,27,14,14.0,15.0,1.0,,,2019-12-13 00:00,,0.4,16,31,2,121.44923899999999,25.1645,10
士林,臺北市,44,,良好,5.7,0.24,42,48.0,30,5,10.0,11.0,0.6,2.7,108.0,2019-12-13 00:00,,0.3,13,34,2,121.51538899999998,25.105417000000003,11
中山,臺北市,56,細懸浮微粒,普通,1.9,0.46,30,26.0,36,16,21.0,21.0,0.6,2.8,124.0,2019-12-13 00:00,,0.7,18,40,2,121.526528,25.062361,12
萬華,臺北市,57,細懸浮微粒,普通,0.4,0.44,30,28.0,34,12,22.0,24.0,2.4,1.8,113.0,2019-12-13 00:00,,0.6,18,40,1,121.507972,25.046503,13
古亭,臺北市,57,細懸浮微粒,普通,1.3,0.29,44,43.0,30,13,6.9,7.6,0.7,1.4,101.0,2019-12-13 00:00,,0.4,18,39,2,121.529556,25.020608,14
松山,臺北市,61,細懸浮微粒,普通,1.1,0.36,36,32.0,32,14,12.0,14.0,1.9,1.0,52.0,2019-12-13 00:00,,0.5,20,43,2,121.57861100000001,25.05,15
大同,臺北市,60,細懸浮微粒,普通,2.9,1.05,-,,38,15,35.0,59.0,24.0,,,2019-12-13 00:00,,1.3,19,47,3,121.51331100000002,25.0632,16
桃園,桃園市,58,細懸浮微粒,普通,3.0,0.31,41,38.0,32,16,6.6,8.3,1.7,3.0,91.0,2019-12-13 00:00,,0.5,19,41,4,121.304383,24.995368,17
大園,桃園市,56,細懸浮微粒,普通,4.8,0.32,33,38.0,33,11,20.0,23.0,2.5,3.9,56.0,2019-12-13 00:00,,0.4,18,43,5,121.201811,25.060344,18
觀音,桃園市,61,細懸浮微粒,普通,7.3,0.4,27,36.0,37,18,24.0,25.0,0.1,5.0,1.0,2019-12-13 00:00,,0.4,20,44,6,121.082761,25.035503,19
平鎮,桃園市,60,細懸浮微粒,普通,2.6,0.31,46,43.0,36,19,6.8,7.6,0.8,3.7,75.0,2019-12-13 00:00,,0.5,19,40,3,121.20398600000001,24.952786,20
龍潭,桃園市,59,細懸浮微粒,普通,2.2,0.33,47,45.0,28,17,4.1,4.9,0.8,1.8,55.0,2019-12-13 00:00,,0.4,19,37,3,121.21635,24.863869,21
湖口,新竹縣,59,細懸浮微粒,普通,2.9,0.31,44,44.0,31,13,5.8,6.9,1.1,4.4,62.0,2019-12-13 00:00,,0.4,19,37,3,121.038653,24.900142000000002,22
竹東,新竹縣,69,細懸浮微粒,普通,2.6,0.36,33,38.0,22,18,4.2,6.8,2.5,0.9,126.0,2019-12-13 00:00,,0.4,23,36,2,121.088903,24.740644,23
新竹,新竹市,62,細懸浮微粒,普通,1.8,0.44,37,40.0,34,18,12.0,12.0,0.3,1.5,60.0,2019-12-13 00:00,,0.5,20,40,2,120.972075,24.805619,24
頭份,苗栗縣,67,細懸浮微粒,普通,0.5,0.5,14,30.0,37,22,19.0,20.0,1.2,0.9,153.0,2019-12-13 00:00,,0.5,22,43,1,120.898572,24.696969,25
苗栗,苗栗縣,86,細懸浮微粒,普通,1.0,0.55,7,18.0,41,31,20.0,22.0,2.1,0.4,351.0,2019-12-13 00:00,,0.6,30,48,2,120.8202,24.565269,26
三義,苗栗縣,79,細懸浮微粒,普通,1.7,0.37,33,32.0,38,22,8.4,9.7,1.3,1.1,241.0,2019-12-13 00:00,,0.5,27,43,2,120.75883300000001,24.382942,27
豐原,臺中市,82,細懸浮微粒,普通,0.7,0.39,28,26.0,40,25,15.0,15.0,0.0,1.0,96.0,2019-12-13 00:00,,0.5,28,49,2,120.74171100000001,24.256586,28
沙鹿,臺中市,89,細懸浮微粒,普通,2.3,0.54,13,30.0,51,36,29.0,30.0,1.6,0.6,226.0,2019-12-13 00:00,,0.4,31,58,2,120.568794,24.225628,29
大里,臺中市,106,細懸浮微粒,對敏感族群不健康,2.5,0.83,1.5,16.0,68,45,32.0,39.0,6.6,0.6,300.0,2019-12-13 00:00,,0.9,38,69,3,120.67768899999999,24.099611,30
忠明,臺中市,95,細懸浮微粒,普通,2.7,0.95,3.8,23.0,60,32,42.0,57.0,15.0,0.9,189.0,2019-12-13 00:00,,0.6,33,59,3,120.64109199999999,24.151958,31
西屯,臺中市,92,細懸浮微粒,普通,2.0,0.61,12,29.0,58,32,28.0,29.0,1.2,0.7,187.0,2019-12-13 00:00,,0.5,32,65,2,120.61691699999999,24.162197,32
彰化,彰化縣,84,細懸浮微粒,普通,1.8,0.84,4.1,23.0,45,26,31.0,34.0,3.0,1.0,169.0,2019-12-13 00:00,,0.7,29,62,2,120.541519,24.066,33
線西,彰化縣,80,細懸浮微粒,普通,2.3,0.51,24,36.0,50,26,18.0,19.0,1.5,1.2,23.0,2019-12-13 00:00,,0.5,27,65,3,120.46906100000001,24.131672000000002,34
二林,彰化縣,77,細懸浮微粒,普通,4.7,0.47,19,33.0,60,23,18.0,19.0,1.5,1.4,9.4,2019-12-13 00:00,,0.4,26,66,4,120.409653,23.925175,35
南投,南投縣,105,細懸浮微粒,對敏感族群不健康,3.4,0.61,3.4,17.0,67,35,26.0,30.0,3.9,1.8,176.0,2019-12-13 00:00,,0.8,37,69,2,120.68530600000001,23.913,36
新港,嘉義縣,85,細懸浮微粒,普通,3.1,0.51,22,38.0,71,28,15.0,15.0,0.5,1.8,9.4,2019-12-13 00:00,,0.4,29,74,3,120.34553100000001,23.554839,39
朴子,嘉義縣,69,細懸浮微粒,普通,1.7,0.4,26,42.0,54,21,10.0,11.0,1.0,0.5,40.0,2019-12-13 00:00,,0.4,23,62,2,120.24781000000002,23.467123,40
臺西,雲林縣,69,細懸浮微粒,普通,1.2,0.38,40,48.0,50,20,7.6,7.8,0.3,5.1,18.0,2019-12-13 00:00,,0.3,23,52,2,120.20284199999999,23.717533,41
嘉義,嘉義市,99,細懸浮微粒,普通,8.9,0.62,14,29.0,75,35,27.0,29.0,2.0,1.4,79.0,2019-12-13 00:00,,0.6,35,76,4,120.44083300000001,23.462778,42
新營,臺南市,87,細懸浮微粒,普通,3.0,0.48,21,39.0,65,32,18.0,19.0,0.3,1.6,19.0,2019-12-13 00:00,,0.4,30,66,3,120.31725,23.305633,43
善化,臺南市,86,細懸浮微粒,普通,2.4,0.45,23,43.0,74,32,14.0,17.0,2.3,1.9,9.4,2019-12-13 00:00,,0.4,30,69,3,120.297142,23.115097,44
臺南,臺南市,86,細懸浮微粒,普通,2.8,0.47,25,42.0,66,32,18.0,19.0,1.4,1.1,18.0,2019-12-13 00:00,,0.5,30,66,3,120.20261699999999,22.984581,46
安南,臺南市,83,細懸浮微粒,普通,1.6,0.45,26,45.0,68,27,17.0,17.0,0.4,1.5,17.0,2019-12-13 00:00,,0.4,28,67,2,120.2175,23.048197000000002,45
美濃,高雄市,75,細懸浮微粒,普通,1.3,0.36,13,39.0,42,26,13.0,14.0,0.9,0.4,61.0,2019-12-13 00:00,,0.4,25,44,1,120.530542,22.883582999999998,47
橋頭,高雄市,92,細懸浮微粒,普通,4.1,0.48,22,40.0,75,32,18.0,18.0,0.3,1.4,66.0,2019-12-13 00:00,,0.5,32,71,4,120.30568899999999,22.757506,48
仁武,高雄市,99,細懸浮微粒,普通,3.1,0.5,20,34.0,74,40,23.0,23.0,0.0,1.8,340.0,2019-12-13 00:00,,0.5,35,72,3,120.332631,22.689056,49
鳳山,高雄市,86,細懸浮微粒,普通,2.8,0.58,15,34.0,74,34,31.0,32.0,0.7,1.5,7.5,2019-12-13 00:00,,0.7,30,73,2,120.35808300000001,22.627392,50
大寮,高雄市,98,細懸浮微粒,普通,2.2,0.47,24,32.0,85,37,18.0,19.0,0.9,2.1,316.0,2019-12-13 00:00,,0.5,35,77,6,120.425081,22.565747,51
林園,高雄市,99,細懸浮微粒,普通,5.4,0.47,27,43.0,104,41,23.0,24.0,0.4,2.5,22.0,2019-12-13 00:00,,0.4,35,84,4,120.41175,22.4795,52
楠梓,高雄市,97,細懸浮微粒,普通,2.3,0.49,20,37.0,70,33,20.0,21.0,0.5,1.7,7.2,2019-12-13 00:00,,0.5,34,71,3,120.32828899999998,22.733667,53
左營,高雄市,95,細懸浮微粒,普通,2.6,0.51,24,44.0,80,35,19.0,19.0,0.7,1.2,357.0,2019-12-13 00:00,,0.5,33,71,3,120.29291699999999,22.674861,54
前金,高雄市,99,細懸浮微粒,普通,3.3,0.57,23,44.0,81,42,19.0,21.0,2.0,2.1,351.0,2019-12-13 00:00,,0.6,35,76,4,120.288086,22.632567,56
前鎮,高雄市,89,細懸浮微粒,普通,3.3,0.68,21,36.0,81,38,24.0,28.0,3.6,2.1,12.0,2019-12-13 00:00,,0.8,31,77,4,120.30756399999999,22.605386,57
小港,高雄市,96,細懸浮微粒,普通,4.6,0.75,9.9,28.0,82,35,41.0,45.0,3.9,1.4,8.9,2019-12-13 00:00,,0.7,34,77,3,120.337736,22.565832999999998,58
屏東,屏東縣,89,細懸浮微粒,普通,3.1,0.49,30,37.0,87,34,19.0,20.0,1.4,1.4,346.0,2019-12-13 00:00,,0.6,31,77,3,120.488033,22.673081,59
潮州,屏東縣,77,細懸浮微粒,普通,1.2,0.37,24,42.0,40,26,9.0,9.8,0.8,0.7,15.0,2019-12-13 00:00,,0.4,26,48,2,120.561175,22.523107999999997,60
恆春,屏東縣,71,臭氧八小時,普通,1.4,0.29,58,61.0,43,18,2.1,3.5,1.4,9.9,34.0,2019-12-13 00:00,,0.3,24,43,2,120.788928,21.958069000000002,61
臺東,臺東縣,76,細懸浮微粒,普通,1.5,0.36,46,50.0,44,23,4.3,4.4,0.1,2.1,323.0,2019-12-13 00:00,,0.4,26,51,2,121.15045,22.755357999999998,62
花蓮,花蓮縣,73,細懸浮微粒,普通,1.1,0.37,31,43.0,44,22,8.5,9.2,0.8,0.4,289.0,2019-12-13 00:00,,0.4,24,49,1,121.599769,23.971306,63
陽明,臺北市,43,,良好,1.5,0.15,43,46.0,16,7,1.1,1.3,0.2,,,2019-12-13 00:00,,0.2,11,23,2,121.529583,25.182722000000002,64
宜蘭,宜蘭縣,59,細懸浮微粒,普通,1.4,0.33,35,41.0,30,16,3.6,4.1,0.5,1.0,289.0,2019-12-13 00:00,,0.4,19,38,2,121.746394,24.747917,65
冬山,宜蘭縣,64,細懸浮微粒,普通,1.8,0.3,41,39.0,27,13,3.3,3.9,0.6,1.2,301.0,2019-12-13 00:00,,0.4,21,41,3,121.792928,24.632203,66
三重,新北市,63,細懸浮微粒,普通,2.2,0.86,-,,41,16,31.0,59.0,28.0,,,2019-12-13 00:00,,1.4,20,47,3,121.493806,25.072611,67
中壢,桃園市,59,細懸浮微粒,普通,1.7,0.67,37,29.0,34,14,17.0,23.0,5.4,1.4,317.0,2019-12-13 00:00,,1.0,19,42,3,121.221667,24.953278,68
竹山,南投縣,119,細懸浮微粒,對敏感族群不健康,1.8,0.39,14,31.0,73,40,16.0,18.0,1.2,0.5,136.0,2019-12-13 00:00,,0.5,42,76,2,120.677306,23.756389000000002,69
永和,新北市,53,細懸浮微粒,普通,2.0,0.38,37,38.0,30,11,12.0,14.0,2.5,2.1,96.0,2019-12-13 00:00,,0.5,16,40,2,121.516306,25.017,70
復興,高雄市,93,細懸浮微粒,普通,3.0,0.67,20,32.0,81,39,26.0,28.0,2.4,1.1,109.0,2019-12-13 00:00,,0.9,33,73,3,120.312017,22.608711,71
金門,金門縣,84,細懸浮微粒,普通,2.7,0.3,45,53.0,48,24,9.5,9.6,0.1,3.7,24.0,2019-12-13 00:00,,0.4,29,66,4,118.312256,24.432133,77
馬公,澎湖縣,58,細懸浮微粒,普通,1.4,0.24,51,56.0,42,15,1.8,3.1,1.3,5.7,22.0,2019-12-13 00:00,,0.3,19,47,2,119.566158,23.569031,78
關山,臺東縣,78,細懸浮微粒,普通,1.5,-,32,40.0,38,26,2.6,3.1,0.5,0.5,1.2,2019-12-13 00:00,,,26,45,2,121.161933,23.045082999999998,80
臺南(麻豆),臺南市,84,細懸浮微粒,普通,0.9,0.1,23,41.0,67,30,15.0,15.0,0.7,1.7,326.0,2019-12-13 00:00,,0.1,29,68,2,,,201
彰化(大城),彰化縣,75,細懸浮微粒,普通,2.4,0.3,36,52.0,57,27,9.8,11.0,1.1,0.7,47.0,2019-12-13 00:00,,0.2,25,57,3,,,202
屏東(琉球),屏東縣,81,細懸浮微粒,普通,3.5,0.42,32,58.0,72,40,23.0,24.0,0.7,0.8,320.0,2019-12-13 00:00,,0.3,28,57,5,,,204
楠梓加工出口區,高雄市,96,細懸浮微粒,普通,17.0,0.48,23,33.0,72,36,16.0,17.0,0.5,1.1,50.0,2019-12-13 00:00,,0.6,34,71,9,,,310
高雄(楠梓),高雄市,96,細懸浮微粒,普通,17.0,0.48,23,33.0,72,36,16.0,17.0,0.5,1.1,50.0,2019-12-13 00:00,,0.6,34,71,9,,,310
桃園(觀音工業區),桃園市,66,細懸浮微粒,普通,3.3,0.21,26,31.0,41,19,16.0,17.0,0.6,2.8,65.0,2019-12-13 00:00,,0.3,22,55,1,,,312
高雄(左營),高雄市,93,細懸浮微粒,普通,1.1,0.41,24,36.0,73,36,14.0,14.0,0.3,2.2,98.0,2019-12-13 00:00,,0.5,32,73,1,,,313
陽明,臺北市,43,,良好,1.6,0.16,43,46.0,16,9,1.1,1.4,0.3,,,2019-12-13 01:00,,0.2,10,21,2,121.529583,25.182722000000002,64
桃園(觀音工業區),桃園市,63,細懸浮微粒,普通,2.8,0.2,26,29.0,42,14,16.0,17.0,1.0,2.2,71.0,2019-12-13 01:00,,0.2,20,52,2,,,312
高雄(左營),高雄市,95,細懸浮微粒,普通,0.9,0.41,21,34.0,76,34,14.0,14.0,0.4,2.2,110.0,2019-12-13 01:00,,0.5,33,74,1,,,313
萬華,臺北市,53,細懸浮微粒,普通,1.3,0.34,40,28.0,33,13,11.0,13.0,1.7,1.7,94.0,2019-12-13 01:00,,0.5,16,39,1,121.507972,25.046503,13
古亭,臺北市,54,細懸浮微粒,普通,1.4,0.27,46,43.0,33,12,5.0,5.6,0.6,1.4,89.0,2019-12-13 01:00,,0.4,17,38,2,121.529556,25.020608,14
松山,臺北市,59,細懸浮微粒,普通,0.7,0.31,37,32.0,27,18,8.7,10.0,1.5,1.2,59.0,2019-12-13 01:00,,0.5,19,40,2,121.57861100000001,25.05,15
大同,臺北市,57,細懸浮微粒,普通,1.7,0.75,-,,41,13,22.0,29.0,7.2,,,2019-12-13 01:00,,1.3,18,47,3,121.51331100000002,25.0632,16
桃園,桃園市,57,細懸浮微粒,普通,3.7,0.28,41,39.0,34,16,6.0,7.0,0.9,2.6,78.0,2019-12-13 01:00,,0.5,18,40,4,121.304383,24.995368,17
大園,桃園市,54,細懸浮微粒,普通,3.2,0.31,35,37.0,40,12,19.0,21.0,2.1,3.4,73.0,2019-12-13 01:00,,0.4,17,42,5,121.201811,25.060344,18
觀音,桃園市,61,細懸浮微粒,普通,6.8,0.36,29,33.0,41,19,22.0,22.0,0.1,5.0,1.1,2019-12-13 01:00,,0.4,19,43,6,121.082761,25.035503,19
平鎮,桃園市,58,細懸浮微粒,普通,2.2,0.3,46,43.0,34,14,5.6,6.0,0.5,3.8,81.0,2019-12-13 01:00,,0.5,18,39,3,121.20398600000001,24.952786,20
龍潭,桃園市,55,細懸浮微粒,普通,2.7,0.3,46,46.0,31,12,4.1,4.9,0.7,2.3,56.0,2019-12-13 01:00,,0.4,17,36,3,121.21635,24.863869,21
湖口,新竹縣,56,細懸浮微粒,普通,2.6,0.32,43,44.0,33,14,6.2,7.4,1.2,3.2,63.0,2019-12-13 01:00,,0.4,18,37,3,121.038653,24.900142000000002,22
竹東,新竹縣,65,細懸浮微粒,普通,3.1,0.34,33,36.0,30,15,5.3,7.2,1.8,1.0,122.0,2019-12-13 01:00,,0.4,21,34,2,121.088903,24.740644,23
新竹,新竹市,62,細懸浮微粒,普通,1.9,0.43,35,39.0,28,22,12.0,13.0,0.2,1.1,51.0,2019-12-13 01:00,,0.5,20,38,2,120.972075,24.805619,24
頭份,苗栗縣,68,細懸浮微粒,普通,0.3,0.47,14,26.0,33,23,17.0,19.0,1.4,0.6,221.0,2019-12-13 01:00,,0.5,23,41,1,120.898572,24.696969,25
苗栗,苗栗縣,85,細懸浮微粒,普通,0.1,0.52,7.5,14.0,39,25,17.0,20.0,2.3,0.5,20.0,2019-12-13 01:00,,0.7,29,46,1,120.8202,24.565269,26
三義,苗栗縣,75,細懸浮微粒,普通,1.8,0.34,43,31.0,34,20,8.7,9.9,1.2,1.0,222.0,2019-12-13 01:00,,0.5,25,41,2,120.75883300000001,24.382942,27
豐原,臺中市,81,細懸浮微粒,普通,0.9,0.35,32,24.0,41,26,14.0,14.0,0.1,0.5,48.0,2019-12-13 01:00,,0.5,28,47,2,120.74171100000001,24.256586,28
沙鹿,臺中市,92,細懸浮微粒,普通,2.8,0.58,8.6,25.0,57,36,31.0,33.0,2.0,0.9,162.0,2019-12-13 01:00,,0.5,32,58,2,120.568794,24.225628,29
大里,臺中市,108,細懸浮微粒,對敏感族群不健康,2.1,0.82,0.5,10.0,64,36,30.0,38.0,7.6,0.9,281.0,2019-12-13 01:00,,0.9,38,70,3,120.67768899999999,24.099611,30
忠明,臺中市,98,細懸浮微粒,普通,3.0,0.7,7.6,17.0,63,37,33.0,37.0,3.8,1.5,261.0,2019-12-13 01:00,,0.7,34,60,3,120.64109199999999,24.151958,31
西屯,臺中市,95,細懸浮微粒,普通,2.6,0.78,3.8,23.0,66,39,38.0,47.0,9.3,0.4,294.0,2019-12-13 01:00,,0.6,33,65,2,120.61691699999999,24.162197,32
彰化,彰化縣,84,細懸浮微粒,普通,1.7,0.68,6.2,18.0,52,31,28.0,29.0,1.2,0.9,292.0,2019-12-13 01:00,,0.7,29,58,2,120.541519,24.066,33
線西,彰化縣,79,細懸浮微粒,普通,5.3,0.52,15,32.0,57,27,26.0,28.0,1.6,1.7,9.1,2019-12-13 01:00,,0.5,27,63,3,120.46906100000001,24.131672000000002,34
二林,彰化縣,77,細懸浮微粒,普通,2.1,0.48,18,30.0,58,27,16.0,17.0,1.8,1.3,2.6,2019-12-13 01:00,,0.5,26,64,4,120.409653,23.925175,35
南投,南投縣,107,細懸浮微粒,對敏感族群不健康,2.4,0.63,2.3,9.0,63,38,25.0,35.0,9.3,1.6,201.0,2019-12-13 01:00,,0.8,38,68,2,120.68530600000001,23.913,36
斗六,雲林縣,112,細懸浮微粒,對敏感族群不健康,3.5,0.58,9.3,23.0,84,41,21.0,22.0,1.4,0.5,289.0,2019-12-13 01:00,,0.6,40,84,3,120.54499399999999,23.711853,37
崙背,雲林縣,88,細懸浮微粒,普通,2.3,0.56,19,33.0,61,35,16.0,19.0,2.3,0.5,282.0,2019-12-13 01:00,,0.5,30,68,3,120.34874199999999,23.757547,38
新港,嘉義縣,83,細懸浮微粒,普通,2.4,0.54,19,33.0,78,27,15.0,16.0,0.5,1.4,357.0,2019-12-13 01:00,,0.4,29,75,3,120.34553100000001,23.554839,39
朴子,嘉義縣,71,細懸浮微粒,普通,1.7,0.42,22,37.0,63,26,9.9,11.0,0.7,1.0,356.0,2019-12-13 01:00,,0.4,24,63,2,120.24781000000002,23.467123,40
臺西,雲林縣,66,細懸浮微粒,普通,1.1,0.37,39,46.0,54,17,6.5,6.9,0.4,3.3,7.9,2019-12-13 01:00,,0.3,22,52,2,120.20284199999999,23.717533,41
嘉義,嘉義市,98,細懸浮微粒,普通,3.0,0.6,12,23.0,74,32,25.0,27.0,1.6,0.5,92.0,2019-12-13 01:00,,0.7,34,76,4,120.44083300000001,23.462778,42
新營,臺南市,87,細懸浮微粒,普通,2.8,0.51,16,33.0,65,30,22.0,23.0,0.4,1.4,22.0,2019-12-13 01:00,,0.5,30,66,3,120.31725,23.305633,43
善化,臺南市,89,細懸浮微粒,普通,2.9,0.46,17,36.0,73,36,16.0,18.0,2.4,1.1,2.3,2019-12-13 01:00,,0.4,31,70,3,120.297142,23.115097,44
安南,臺南市,82,細懸浮微粒,普通,1.5,0.47,18,38.0,63,24,20.0,21.0,0.3,1.5,6.7,2019-12-13 01:00,,0.4,28,67,2,120.2175,23.048197000000002,45
臺南,臺南市,88,細懸浮微粒,普通,3.4,0.51,21,37.0,62,33,19.0,21.0,1.3,1.0,32.0,2019-12-13 01:00,,0.5,31,66,3,120.20261699999999,22.984581,46
美濃,高雄市,76,細懸浮微粒,普通,1.4,0.33,13,34.0,52,28,13.0,14.0,0.9,0.4,28.0,2019-12-13 01:00,,0.4,26,45,1,120.530542,22.883582999999998,47
橋頭,高雄市,94,細懸浮微粒,普通,2.4,0.45,15,33.0,65,35,18.0,18.0,0.2,1.5,29.0,2019-12-13 01:00,,0.5,33,71,4,120.30568899999999,22.757506,48
仁武,高雄市,102,細懸浮微粒,對敏感族群不健康,3.4,0.5,16,29.0,68,38,24.0,24.0,0.1,1.7,330.0,2019-12-13 01:00,,0.6,36,72,3,120.332631,22.689056,49
鳳山,高雄市,89,細懸浮微粒,普通,2.0,0.49,25,30.0,79,36,19.0,19.0,0.3,0.7,301.0,2019-12-13 01:00,,0.7,31,75,2,120.35808300000001,22.627392,50
大寮,高雄市,103,細懸浮微粒,對敏感族群不健康,1.7,0.46,22,29.0,76,45,16.0,17.0,0.9,0.5,324.0,2019-12-13 01:00,,0.5,36,76,6,120.425081,22.565747,51
林園,高雄市,100,細懸浮微粒,普通,8.1,0.46,27,38.0,93,41,21.0,22.0,0.5,2.4,23.0,2019-12-13 01:00,,0.4,35,86,4,120.41175,22.4795,52
楠梓,高雄市,95,細懸浮微粒,普通,2.4,0.44,22,32.0,73,30,14.0,14.0,0.4,1.5,335.0,2019-12-13 01:00,,0.5,33,72,3,120.32828899999998,22.733667,53
左營,高雄市,98,細懸浮微粒,普通,2.1,0.49,21,38.0,74,40,18.0,19.0,1.0,1.5,349.0,2019-12-13 01:00,,0.5,35,72,3,120.29291699999999,22.674861,54
前金,高雄市,97,細懸浮微粒,普通,3.0,0.54,23,37.0,87,32,17.0,19.0,2.0,1.7,343.0,2019-12-13 01:00,,0.6,34,77,4,120.288086,22.632567,56
前鎮,高雄市,97,細懸浮微粒,普通,3.8,0.63,17,31.0,78,46,25.0,29.0,3.8,1.6,8.0,2019-12-13 01:00,,0.8,34,78,4,120.30756399999999,22.605386,57
小港,高雄市,98,細懸浮微粒,普通,4.8,0.58,11,23.0,83,39,37.0,41.0,3.5,1.1,11.0,2019-12-13 01:00,,0.7,35,77,3,120.337736,22.565832999999998,58
屏東,屏東縣,91,細懸浮微粒,普通,1.5,0.46,29,36.0,74,33,16.0,17.0,1.2,1.4,13.0,2019-12-13 01:00,,0.6,32,77,3,120.488033,22.673081,59
潮州,屏東縣,79,細懸浮微粒,普通,1.0,0.39,17,36.0,53,30,10.0,11.0,1.0,1.1,56.0,2019-12-13 01:00,,0.4,27,50,2,120.561175,22.523107999999997,60
恆春,屏東縣,74,細懸浮微粒,普通,1.5,0.29,57,60.0,42,29,2.0,3.4,1.3,9.5,26.0,2019-12-13 01:00,,0.3,25,43,2,120.788928,21.958069000000002,61
臺東,臺東縣,75,細懸浮微粒,普通,1.7,0.34,45,48.0,42,23,3.3,3.3,0.0,2.2,333.0,2019-12-13 01:00,,0.4,25,50,2,121.15045,22.755357999999998,62
花蓮,花蓮縣,73,細懸浮微粒,普通,1.0,0.34,30,40.0,40,25,6.8,7.3,0.5,0.4,239.0,2019-12-13 01:00,,0.4,25,47,1,121.599769,23.971306,63
宜蘭,宜蘭縣,56,細懸浮微粒,普通,1.2,0.34,35,39.0,27,15,3.3,3.9,0.6,1.1,281.0,2019-12-13 01:00,,0.4,18,36,2,121.746394,24.747917,65
冬山,宜蘭縣,59,細懸浮微粒,普通,1.5,0.3,36,38.0,27,12,2.8,3.3,0.5,1.0,275.0,2019-12-13 01:00,,0.4,19,39,3,121.792928,24.632203,66
三重,新北市,61,細懸浮微粒,普通,1.3,0.68,-,,34,15,23.0,42.0,19.0,,,2019-12-13 01:00,,1.3,19,45,3,121.493806,25.072611,67
中壢,桃園市,57,細懸浮微粒,普通,1.7,0.58,41,30.0,31,16,12.0,14.0,2.3,1.7,303.0,2019-12-13 01:00,,1.0,18,40,3,121.221667,24.953278,68
竹山,南投縣,120,細懸浮微粒,對敏感族群不健康,1.6,0.34,16,24.0,66,41,15.0,16.0,1.3,0.5,177.0,2019-12-13 01:00,,0.5,43,75,2,120.677306,23.756389000000002,69
永和,新北市,51,細懸浮微粒,普通,2.2,0.29,42,39.0,35,14,7.5,9.7,2.2,2.3,97.0,2019-12-13 01:00,,0.5,16,39,2,121.516306,25.017,70
復興,高雄市,97,細懸浮微粒,普通,4.1,0.65,16,27.0,80,42,25.0,28.0,2.7,0.9,106.0,2019-12-13 01:00,,0.9,34,74,3,120.312017,22.608711,71
埔里,南投縣,94,細懸浮微粒,普通,2.0,0.4,25,30.0,52,34,16.0,18.0,1.7,0.9,279.0,2019-12-13 01:00,,0.6,33,53,2,120.967903,23.968842000000002,72
馬祖,連江縣,69,細懸浮微粒,普通,3.3,0.19,46,52.0,35,24,4.5,5.5,1.0,2.0,0.5,2019-12-13 01:00,,0.2,23,46,4,119.949875,26.160469,75
金門,金門縣,85,細懸浮微粒,普通,5.0,0.3,40,50.0,62,34,14.0,14.0,0.2,2.8,22.0,2019-12-13 01:00,,0.4,30,64,4,118.312256,24.432133,77
馬公,澎湖縣,55,細懸浮微粒,普通,0.4,0.21,50,55.0,40,14,1.3,2.5,1.2,5.2,22.0,2019-12-13 01:00,,0.3,17,45,2,119.566158,23.569031,78
關山,臺東縣,77,細懸浮微粒,普通,2.1,-,29,39.0,36,25,2.5,3.2,0.7,0.5,308.0,2019-12-13 01:00,,,26,42,2,121.161933,23.045082999999998,80
麥寮,雲林縣,71,細懸浮微粒,普通,0.8,0.47,23,36.0,65,27,12.0,12.0,0.0,0.8,24.0,2019-12-13 01:00,,0.4,24,65,2,120.251825,23.753505999999998,83
富貴角,新北市,46,,良好,0.1,0.16,48,49.0,47,12,1.0,0.9,-0.1,7.0,97.0,2019-12-13 01:00,,0.2,14,47,1,121.536763,25.298562,84
臺南(麻豆),臺南市,85,細懸浮微粒,普通,3.1,0.12,15,35.0,73,31,23.0,23.0,0.7,0.7,33.0,2019-12-13 01:00,,0.1,29,70,2,,,201
彰化(大城),彰化縣,75,細懸浮微粒,普通,2.7,0.43,24,46.0,71,27,15.0,16.0,1.3,1.3,36.0,2019-12-13 01:00,,0.3,25,59,3,,,202
屏東(琉球),屏東縣,88,細懸浮微粒,普通,6.6,0.44,28,51.0,74,39,20.0,21.0,0.6,2.0,328.0,2019-12-13 01:00,,0.3,30,61,5,,,204
楠梓加工出口區,高雄市,99,細懸浮微粒,普通,16.0,0.46,17,29.0,65,39,15.0,16.0,0.6,0.8,79.0,2019-12-13 01:00,,0.6,35,71,9,,,310
高雄(楠梓),高雄市,99,細懸浮微粒,普通,16.0,0.46,17,29.0,65,39,15.0,16.0,0.6,0.8,79.0,2019-12-13 01:00,,0.6,35,71,9,,,310
鳳山,高雄市,92,細懸浮微粒,普通,2.1,0.48,21,28.0,73,36,19.0,20.0,0.7,0.9,8.9,2019-12-13 02:00,,0.6,32,75,2,120.35808300000001,22.627392,50
屏東(琉球),屏東縣,95,細懸浮微粒,普通,8.6,0.37,35,47.0,74,37,18.0,19.0,1.0,2.7,327.0,2019-12-13 02:00,,0.3,33,66,5,,,204
楠梓加工出口區,高雄市,99,細懸浮微粒,普通,16.0,0.44,15,27.0,65,36,17.0,17.0,0.7,0.7,55.0,2019-12-13 02:00,,0.5,35,70,10,,,310
高雄(楠梓),高雄市,99,細懸浮微粒,普通,16.0,0.44,15,27.0,65,36,17.0,17.0,0.7,0.7,55.0,2019-12-13 02:00,,0.5,35,70,10,,,310
桃園(觀音工業區),桃園市,60,細懸浮微粒,普通,1.6,0.18,27,28.0,38,14,12.0,13.0,0.5,2.6,63.0,2019-12-13 02:00,,0.2,19,49,2,,,312
高雄(左營),高雄市,97,細懸浮微粒,普通,0.5,0.37,23,30.0,70,37,9.7,9.8,0.1,2.2,77.0,2019-12-13 02:00,,0.4,34,74,1,,,313
臺南(麻豆),臺南市,86,細懸浮微粒,普通,4.3,0.2,11,30.0,69,34,25.0,26.0,1.6,1.1,14.0,2019-12-13 02:00,,0.1,30,70,2,,,201
彰化(大城),彰化縣,73,細懸浮微粒,普通,1.9,0.27,39,44.0,62,20,8.1,8.0,-0.1,2.1,35.0,2019-12-13 02:00,,0.3,25,59,3,,,202
基隆,基隆市,46,,良好,1.5,0.24,40,47.0,37,19,5.2,6.1,0.8,1.0,277.0,2019-12-13 02:00,,0.3,14,39,2,121.760056,25.129167000000002,1
汐止,新北市,55,細懸浮微粒,普通,3.1,0.37,24,29.0,35,15,17.0,19.0,1.9,1.6,48.0,2019-12-13 02:00,,0.4,17,41,2,121.6423,25.067131,2
萬里,新北市,54,細懸浮微粒,普通,2.0,0.21,51,53.0,49,16,1.9,2.8,1.0,1.6,88.0,2019-12-13 02:00,,0.2,17,58,2,121.689881,25.179667000000002,3
新店,新北市,53,細懸浮微粒,普通,1.8,0.28,36,41.0,27,12,,,,0.9,62.0,2019-12-13 02:00,,0.4,17,34,2,121.537778,24.977222,4
土城,新北市,41,,良好,1.2,0.31,42,44.0,33,9,7.2,7.0,-0.2,1.3,350.0,2019-12-13 02:00,,0.4,12,40,2,121.45186100000001,24.982528,5
板橋,新北市,54,細懸浮微粒,普通,3.0,0.3,39,34.0,33,13,9.1,9.7,0.6,1.1,107.0,2019-12-13 02:00,,0.5,17,38,5,121.45866699999999,25.012972,6
新莊,新北市,53,細懸浮微粒,普通,1.6,0.3,42,39.0,41,13,10.0,12.0,2.1,1.0,90.0,2019-12-13 02:00,,0.5,16,43,2,121.4325,25.037972,7
菜寮,新北市,54,細懸浮微粒,普通,1.4,0.34,33,31.0,31,14,9.7,12.0,2.1,2.6,110.0,2019-12-13 02:00,,0.5,17,36,2,121.48102800000001,25.06895,8
林口,新北市,52,細懸浮微粒,普通,1.4,0.25,44,40.0,34,12,6.1,7.1,1.0,3.4,102.0,2019-12-13 02:00,,0.4,16,36,3,121.376869,25.077197,9
淡水,新北市,50,,良好,1.7,0.31,31,37.0,26,15,10.0,11.0,1.1,,,2019-12-13 02:00,,0.4,15,29,2,121.44923899999999,25.1645,10
士林,臺北市,42,,良好,8.1,0.22,40,45.0,32,9,11.0,12.0,0.9,3.0,104.0,2019-12-13 02:00,,0.3,11,33,3,121.51538899999998,25.105417000000003,11
中山,臺北市,53,細懸浮微粒,普通,1.6,0.35,34,27.0,31,12,13.0,14.0,0.7,2.4,117.0,2019-12-13 02:00,,0.6,17,37,2,121.526528,25.062361,12
萬華,臺北市,52,細懸浮微粒,普通,0.7,0.29,41,30.0,36,17,7.6,8.3,0.7,1.6,97.0,2019-12-13 02:00,,0.5,16,38,1,121.507972,25.046503,13
古亭,臺北市,51,細懸浮微粒,普通,0.9,0.27,46,44.0,27,11,3.2,3.7,0.5,1.6,86.0,2019-12-13 02:00,,0.4,16,36,2,121.529556,25.020608,14
松山,臺北市,56,細懸浮微粒,普通,1.2,0.27,38,33.0,25,13,6.9,7.6,0.7,0.9,39.0,2019-12-13 02:00,,0.4,18,36,2,121.57861100000001,25.05,15
大同,臺北市,60,細懸浮微粒,普通,1.3,0.54,-,,55,27,,,,,,2019-12-13 02:00,,1.2,19,47,3,121.51331100000002,25.0632,16
桃園,桃園市,54,細懸浮微粒,普通,3.8,0.32,40,39.0,35,11,4.7,5.6,1.0,3.1,95.0,2019-12-13 02:00,,0.4,17,38,4,121.304383,24.995368,17
大園,桃園市,52,細懸浮微粒,普通,2.6,0.27,41,37.0,39,15,11.0,12.0,1.2,3.6,33.0,2019-12-13 02:00,,0.4,16,41,5,121.201811,25.060344,18
觀音,桃園市,58,細懸浮微粒,普通,6.1,0.34,24,30.0,42,15,27.0,28.0,0.5,3.5,1.1,2019-12-13 02:00,,0.4,19,42,6,121.082761,25.035503,19
平鎮,桃園市,55,細懸浮微粒,普通,1.6,0.29,47,44.0,34,13,4.0,5.1,1.2,2.4,82.0,2019-12-13 02:00,,0.4,17,38,3,121.20398600000001,24.952786,20
龍潭,桃園市,53,細懸浮微粒,普通,2.3,0.33,44,46.0,26,13,4.8,5.4,0.6,1.7,72.0,2019-12-13 02:00,,0.4,16,34,3,121.21635,24.863869,21
湖口,新竹縣,55,細懸浮微粒,普通,1.6,0.28,44,44.0,27,14,5.4,5.3,-0.1,2.2,55.0,2019-12-13 02:00,,0.4,17,35,3,121.038653,24.900142000000002,22
竹東,新竹縣,60,細懸浮微粒,普通,2.1,0.37,29,34.0,23,14,4.8,6.2,1.4,0.6,87.0,2019-12-13 02:00,,0.4,19,31,2,121.088903,24.740644,23
新竹,新竹市,60,細懸浮微粒,普通,1.5,0.34,37,38.0,26,15,8.7,9.0,0.3,0.7,78.0,2019-12-13 02:00,,0.5,19,36,2,120.972075,24.805619,24
頭份,苗栗縣,69,細懸浮微粒,普通,0.1,0.36,14,23.0,31,22,11.0,12.0,0.8,1.5,117.0,2019-12-13 02:00,,0.5,23,39,1,120.898572,24.696969,25
苗栗,苗栗縣,84,細懸浮微粒,普通,1.2,0.45,2.1,11.0,43,28,23.0,30.0,6.4,0.5,186.0,2019-12-13 02:00,,0.6,29,45,1,120.8202,24.565269,26
三義,苗栗縣,72,細懸浮微粒,普通,1.3,0.28,34,30.0,32,20,11.0,12.0,0.8,0.0,6.7,2019-12-13 02:00,,0.4,24,40,2,120.75883300000001,24.382942,27
豐原,臺中市,81,細懸浮微粒,普通,1.5,0.36,28,24.0,38,26,9.3,11.0,1.3,1.9,119.0,2019-12-13 02:00,,0.4,28,46,2,120.74171100000001,24.256586,28
沙鹿,臺中市,92,細懸浮微粒,普通,1.6,0.67,3.6,20.0,53,29,34.0,40.0,5.4,0.7,168.0,2019-12-13 02:00,,0.5,32,58,2,120.568794,24.225628,29
大里,臺中市,105,細懸浮微粒,對敏感族群不健康,2.6,0.64,1,7.0,59,34,27.0,31.0,4.3,0.5,38.0,2019-12-13 02:00,,0.9,37,68,3,120.67768899999999,24.099611,30
忠明,臺中市,97,細懸浮微粒,普通,2.4,0.72,4.9,14.0,59,33,35.0,41.0,5.4,0.9,97.0,2019-12-13 02:00,,0.7,34,61,3,120.64109199999999,24.151958,31
西屯,臺中市,99,細懸浮微粒,普通,2.3,0.75,3.3,18.0,70,41,35.0,55.0,20.0,0.8,54.0,2019-12-13 02:00,,0.6,35,67,2,120.61691699999999,24.162197,32
彰化,彰化縣,84,細懸浮微粒,普通,1.5,0.78,1.4,14.0,51,28,34.0,42.0,8.4,0.5,290.0,2019-12-13 02:00,,0.7,29,57,2,120.541519,24.066,33
線西,彰化縣,82,細懸浮微粒,普通,3.8,0.49,14,28.0,74,32,26.0,26.0,-0.1,1.7,48.0,2019-12-13 02:00,,0.5,28,64,3,120.46906100000001,24.131672000000002,34
二林,彰化縣,78,細懸浮微粒,普通,3.2,0.54,15,26.0,62,31,18.0,19.0,1.6,1.1,66.0,2019-12-13 02:00,,0.5,27,63,4,120.409653,23.925175,35
南投,南投縣,103,細懸浮微粒,對敏感族群不健康,0.9,0.44,6,6.0,50,30,12.0,15.0,3.5,0.5,94.0,2019-12-13 02:00,,0.7,36,66,2,120.68530600000001,23.913,36
斗六,雲林縣,113,細懸浮微粒,對敏感族群不健康,2.0,0.59,3.7,17.0,82,41,27.0,32.0,4.4,1.1,344.0,2019-12-13 02:00,,0.6,40,85,3,120.54499399999999,23.711853,37
崙背,雲林縣,87,細懸浮微粒,普通,2.7,0.58,8.7,28.0,60,31,17.0,18.0,1.5,0.7,82.0,2019-12-13 02:00,,0.5,30,66,3,120.34874199999999,23.757547,38
新港,嘉義縣,84,細懸浮微粒,普通,3.6,0.52,17,28.0,71,30,16.0,17.0,0.6,1.3,13.0,2019-12-13 02:00,,0.5,29,75,3,120.34553100000001,23.554839,39
朴子,嘉義縣,71,細懸浮微粒,普通,2.0,0.47,16,32.0,59,26,12.0,14.0,1.7,0.5,45.0,2019-12-13 02:00,,0.4,24,62,2,120.24781000000002,23.467123,40
臺西,雲林縣,66,細懸浮微粒,普通,2.0,0.34,39,44.0,41,22,6.8,9.5,2.8,4.7,19.0,2019-12-13 02:00,,0.3,22,50,2,120.20284199999999,23.717533,41
嘉義,嘉義市,100,細懸浮微粒,普通,2.5,0.65,8,18.0,77,37,27.0,28.0,1.1,2.3,351.0,2019-12-13 02:00,,0.7,35,77,5,120.44083300000001,23.462778,42
新營,臺南市,89,細懸浮微粒,普通,2.1,0.52,14,28.0,66,32,20.0,21.0,0.8,1.3,352.0,2019-12-13 02:00,,0.5,31,66,3,120.31725,23.305633,43
善化,臺南市,90,細懸浮微粒,普通,2.5,0.47,12,30.0,68,32,18.0,19.0,1.0,1.5,339.0,2019-12-13 02:00,,0.4,31,70,3,120.297142,23.115097,44
安南,臺南市,83,細懸浮微粒,普通,2.4,0.51,12,33.0,66,31,26.0,28.0,1.5,1.9,15.0,2019-12-13 02:00,,0.4,29,68,2,120.2175,23.048197000000002,45
臺南,臺南市,89,細懸浮微粒,普通,2.9,0.57,15,32.0,71,34,23.0,25.0,1.2,0.7,8.4,2019-12-13 02:00,,0.5,31,67,3,120.20261699999999,22.984581,46
美濃,高雄市,75,細懸浮微粒,普通,0.9,0.31,15,27.0,37,23,6.8,9.3,2.5,0.4,18.0,2019-12-13 02:00,,0.4,25,45,1,120.530542,22.883582999999998,47
橋頭,高雄市,97,細懸浮微粒,普通,3.0,0.47,13,29.0,76,40,18.0,19.0,0.8,1.4,31.0,2019-12-13 02:00,,0.5,34,72,4,120.30568899999999,22.757506,48
仁武,高雄市,103,細懸浮微粒,對敏感族群不健康,2.4,0.45,17,25.0,68,35,17.0,17.0,0.5,1.2,314.0,2019-12-13 02:00,,0.5,36,72,3,120.332631,22.689056,49
左營,高雄市,97,細懸浮微粒,普通,2.3,0.49,19,32.0,74,31,16.0,16.0,0.6,1.1,353.0,2019-12-13 02:00,,0.5,34,72,3,120.29291699999999,22.674861,54
前金,高雄市,100,細懸浮微粒,普通,1.3,0.49,24,33.0,75,39,12.0,13.0,1.4,1.9,344.0,2019-12-13 02:00,,0.6,35,78,4,120.288086,22.632567,56
前鎮,高雄市,99,細懸浮微粒,普通,2.4,0.6,16,26.0,80,33,22.0,26.0,4.5,2.3,11.0,2019-12-13 02:00,,0.8,35,79,4,120.30756399999999,22.605386,57
小港,高雄市,97,細懸浮微粒,普通,2.2,0.53,17,19.0,73,35,24.0,25.0,1.2,1.0,17.0,2019-12-13 02:00,,0.7,34,76,3,120.337736,22.565832999999998,58
大寮,高雄市,107,細懸浮微粒,對敏感族群不健康,7.7,0.44,17,26.0,80,42,23.0,25.0,2.2,1.0,335.0,2019-12-13 02:00,,0.5,38,78,6,120.425081,22.565747,51
林園,高雄市,104,細懸浮微粒,對敏感族群不健康,5.8,0.46,25,33.0,97,41,20.0,21.0,0.5,2.7,18.0,2019-12-13 02:00,,0.4,37,89,4,120.41175,22.4795,52
楠梓,高雄市,91,細懸浮微粒,普通,1.5,0.41,22,29.0,66,29,12.0,12.0,0.8,1.5,334.0,2019-12-13 02:00,,0.5,32,71,3,120.32828899999998,22.733667,53
屏東,屏東縣,93,細懸浮微粒,普通,1.8,0.4,29,35.0,74,33,14.0,14.0,0.7,1.6,357.0,2019-12-13 02:00,,0.6,33,77,3,120.488033,22.673081,59
潮州,屏東縣,81,細懸浮微粒,普通,1.4,0.37,11,30.0,40,28,11.0,11.0,0.1,1.0,49.0,2019-12-13 02:00,,0.4,28,48,2,120.561175,22.523107999999997,60
恆春,屏東縣,71,細懸浮微粒,普通,1.4,0.28,56,59.0,40,21,2.8,3.2,0.4,9.7,30.0,2019-12-13 02:00,,0.3,24,42,2,120.788928,21.958069000000002,61
臺東,臺東縣,74,細懸浮微粒,普通,1.6,0.35,44,47.0,44,24,3.0,3.5,0.5,2.5,322.0,2019-12-13 02:00,,0.4,25,48,2,121.15045,22.755357999999998,62
花蓮,花蓮縣,72,細懸浮微粒,普通,1.4,0.27,30,37.0,36,21,3.2,4.7,1.5,0.4,239.0,2019-12-13 02:00,,0.4,24,45,1,121.599769,23.971306,63
陽明,臺北市,42,,良好,1.6,0.21,42,45.0,14,9,1.6,1.8,0.2,,,2019-12-13 02:00,,0.2,10,19,2,121.529583,25.182722000000002,64
宜蘭,宜蘭縣,56,細懸浮微粒,普通,1.2,0.33,36,38.0,30,17,2.0,3.0,1.1,0.6,259.0,2019-12-13 02:00,,0.4,17,35,2,121.746394,24.747917,65
冬山,宜蘭縣,57,細懸浮微粒,普通,1.3,0.33,32,37.0,24,14,4.0,4.8,0.7,1.5,296.0,2019-12-13 02:00,,0.4,18,35,3,121.792928,24.632203,66
三重,新北市,57,細懸浮微粒,普通,2.1,0.49,-,,36,14,19.0,31.0,12.0,,,2019-12-13 02:00,,1.1,18,43,3,121.493806,25.072611,67
中壢,桃園市,54,細懸浮微粒,普通,2.0,0.38,42,32.0,30,10,8.2,10.0,2.2,1.6,296.0,2019-12-13 02:00,,0.8,17,38,2,121.221667,24.953278,68
竹山,南投縣,115,細懸浮微粒,對敏感族群不健康,1.8,0.27,17,19.0,59,35,11.0,12.0,1.0,0.6,309.0,2019-12-13 02:00,,0.4,41,73,2,120.677306,23.756389000000002,69
永和,新北市,46,,良好,1.4,0.26,43,39.0,29,11,4.9,6.1,1.2,2.0,107.0,2019-12-13 02:00,,0.4,14,37,2,121.516306,25.017,70
復興,高雄市,99,細懸浮微粒,普通,3.6,0.58,13,22.0,71,35,25.0,29.0,3.6,0.6,153.0,2019-12-13 02:00,,0.9,35,74,3,120.312017,22.608711,71
埔里,南投縣,97,細懸浮微粒,普通,3.8,0.39,13,23.0,42,33,16.0,18.0,1.5,0.8,342.0,2019-12-13 02:00,,0.6,34,52,2,120.967903,23.968842000000002,72
馬祖,連江縣,64,細懸浮微粒,普通,1.6,0.2,45,50.0,34,13,3.4,4.2,0.7,2.1,7.9,2019-12-13 02:00,,0.2,21,43,3,119.949875,26.160469,75
金門,金門縣,83,細懸浮微粒,普通,4.5,0.25,42,48.0,56,23,12.0,12.0,0.6,2.7,21.0,2019-12-13 02:00,,0.3,28,62,4,118.312256,24.432133,77
馬公,澎湖縣,52,細懸浮微粒,普通,1.2,0.16,49,54.0,41,13,1.9,2.8,1.0,5.4,25.0,2019-12-13 02:00,,0.3,16,44,2,119.566158,23.569031,78
關山,臺東縣,74,細懸浮微粒,普通,1.4,-,25,37.0,32,19,1.7,2.5,0.8,0.6,308.0,2019-12-13 02:00,,,25,40,2,121.161933,23.045082999999998,80
麥寮,雲林縣,73,細懸浮微粒,普通,1.4,0.48,21,33.0,71,25,12.0,14.0,1.1,1.5,29.0,2019-12-13 02:00,,0.4,25,67,2,120.251825,23.753505999999998,83
富貴角,新北市,47,,良好,0.2,0.19,48,48.0,47,17,1.4,1.3,-0.1,6.7,99.0,2019-12-13 02:00,,0.2,15,47,1,121.536763,25.298562,84
基隆,基隆市,46,,良好,1.5,0.22,28,42.0,26,13,5.0,5.9,0.9,0.5,305.0,2019-12-13 04:00,,0.2,14,36,2,121.760056,25.129167000000002,1
汐止,新北市,51,細懸浮微粒,普通,2.7,0.3,21,26.0,29,10,17.0,19.0,1.9,2.1,49.0,2019-12-13 04:00,,0.4,16,36,2,121.6423,25.067131,2
萬里,新北市,53,細懸浮微粒,普通,1.8,0.21,37,50.0,40,13,3.1,4.3,1.1,0.9,65.0,2019-12-13 04:00,,0.2,16,55,2,121.689881,25.179667000000002,3
土城,新北市,40,,良好,1.1,0.26,41,43.0,31,9,5.2,5.0,-0.2,1.7,355.0,2019-12-13 04:00,,0.4,11,35,2,121.45186100000001,24.982528,5
板橋,新北市,48,,良好,0.4,0.27,41,37.0,30,11,6.6,7.0,0.4,1.5,60.0,2019-12-13 04:00,,0.4,15,36,5,121.45866699999999,25.012972,6
新莊,新北市,51,細懸浮微粒,普通,2.4,0.28,37,39.0,38,14,9.9,11.0,1.0,2.4,47.0,2019-12-13 04:00,,0.4,16,43,2,121.4325,25.037972,7
菜寮,新北市,52,細懸浮微粒,普通,3.6,0.29,30,31.0,36,15,11.0,13.0,1.8,1.6,69.0,2019-12-13 04:00,,0.4,16,34,2,121.48102800000001,25.06895,8
林口,新北市,47,,良好,4.0,0.23,38,40.0,35,14,8.2,9.6,1.4,3.2,84.0,2019-12-13 04:00,,0.3,14,33,3,121.376869,25.077197,9
淡水,新北市,46,,良好,1.9,0.25,36,34.0,26,11,6.6,7.5,0.9,,,2019-12-13 04:00,,0.4,14,26,2,121.44923899999999,25.1645,10
士林,臺北市,41,,良好,1.7,0.22,47,44.0,35,11,3.9,4.5,0.7,2.5,104.0,2019-12-13 04:00,,0.3,11,33,3,121.51538899999998,25.105417000000003,11
中山,臺北市,47,,良好,2.2,0.31,32,30.0,32,12,12.0,12.0,0.3,2.0,124.0,2019-12-13 04:00,,0.5,15,35,2,121.526528,25.062361,12
高雄(左營),高雄市,99,細懸浮微粒,普通,0.5,0.36,21,28.0,78,35,11.0,11.0,0.2,2.1,192.0,2019-12-13 03:00,,0.4,35,76,1,,,313
基隆,基隆市,45,,良好,1.6,0.23,25,39.0,26,11,5.5,6.4,0.9,0.6,290.0,2019-12-13 05:00,,0.2,14,33,2,121.760056,25.129167000000002,1
汐止,新北市,50,,良好,8.2,0.34,18,24.0,26,14,19.0,21.0,2.3,1.7,65.0,2019-12-13 05:00,,0.4,15,34,2,121.6423,25.067131,2
萬里,新北市,49,,良好,1.9,0.21,33,47.0,32,12,2.8,3.6,0.8,0.7,219.0,2019-12-13 05:00,,0.2,15,50,2,121.689881,25.179667000000002,3
新店,新北市,45,,良好,1.6,0.33,35,38.0,31,12,,,,0.6,180.0,2019-12-13 05:00,,0.3,14,30,2,121.537778,24.977222,4
土城,新北市,39,,良好,1.2,0.28,38,42.0,29,10,5.9,5.6,-0.3,0.8,339.0,2019-12-13 05:00,,0.3,11,34,1,121.45186100000001,24.982528,5
板橋,新北市,44,,良好,1.3,0.28,37,37.0,39,12,8.0,8.7,0.7,0.7,166.0,2019-12-13 05:00,,0.4,14,36,5,121.45866699999999,25.012972,6
新莊,新北市,51,細懸浮微粒,普通,2.9,0.29,32,38.0,41,17,,,,1.1,31.0,2019-12-13 05:00,,0.4,16,42,2,121.4325,25.037972,7
菜寮,新北市,53,細懸浮微粒,普通,2.6,0.3,30,30.0,36,17,10.0,13.0,2.6,2.5,84.0,2019-12-13 05:00,,0.4,16,34,2,121.48102800000001,25.06895,8
林口,新北市,43,,良好,4.3,0.23,37,40.0,35,10,8.8,10.0,1.3,2.1,70.0,2019-12-13 05:00,,0.3,13,34,3,121.376869,25.077197,9
淡水,新北市,46,,良好,1.0,0.26,34,32.0,24,14,7.4,8.1,0.7,,,2019-12-13 05:00,,0.4,14,26,2,121.44923899999999,25.1645,10
士林,臺北市,41,,良好,1.0,0.22,47,44.0,34,10,3.1,3.8,0.7,1.7,119.0,2019-12-13 05:00,,0.2,10,33,3,121.51538899999998,25.105417000000003,11
中山,臺北市,44,,良好,1.8,0.31,32,31.0,32,12,11.0,12.0,0.5,1.7,113.0,2019-12-13 05:00,,0.4,14,34,2,121.526528,25.062361,12
陽明,臺北市,41,,良好,1.6,0.2,41,44.0,11,10,1.8,2.0,0.2,,,2019-12-13 03:00,,0.2,10,18,2,121.529583,25.182722000000002,64
金門,金門縣,77,細懸浮微粒,普通,3.0,0.22,43,46.0,54,17,8.8,9.3,0.5,2.3,18.0,2019-12-13 03:00,,0.3,26,60,4,118.312256,24.432133,77
馬公,澎湖縣,50,,良好,1.3,0.15,48,52.0,38,11,1.6,2.4,0.8,5.2,26.0,2019-12-13 03:00,,0.2,15,43,2,119.566158,23.569031,78
關山,臺東縣,71,細懸浮微粒,普通,1.4,-,21,34.0,29,18,2.2,3.1,0.9,0.6,340.0,2019-12-13 03:00,,,24,38,2,121.161933,23.045082999999998,80
麥寮,雲林縣,74,細懸浮微粒,普通,1.2,0.53,16,29.0,66,25,16.0,17.0,1.5,1.5,30.0,2019-12-13 03:00,,0.4,25,67,2,120.251825,23.753505999999998,83
基隆,基隆市,47,,良好,1.6,0.22,34,45.0,32,14,4.2,4.8,0.6,0.5,301.0,2019-12-13 03:00,,0.2,15,38,2,121.760056,25.129167000000002,1
汐止,新北市,55,細懸浮微粒,普通,4.5,0.33,24,27.0,30,17,15.0,17.0,2.1,1.8,44.0,2019-12-13 03:00,,0.4,17,39,2,121.6423,25.067131,2
萬里,新北市,54,細懸浮微粒,普通,2.1,0.21,48,52.0,61,17,2.9,4.1,1.3,3.5,52.0,2019-12-13 03:00,,0.2,17,58,2,121.689881,25.179667000000002,3
新店,新北市,51,細懸浮微粒,普通,1.6,0.26,37,40.0,25,13,,,,1.5,53.0,2019-12-13 03:00,,0.3,16,32,2,121.537778,24.977222,4
土城,新北市,40,,良好,1.2,0.28,40,43.0,26,11,6.8,6.6,-0.3,1.4,295.0,2019-12-13 03:00,,0.4,12,37,2,121.45186100000001,24.982528,5
板橋,新北市,49,,良好,1.7,0.27,40,36.0,32,11,7.4,8.0,0.5,2.9,38.0,2019-12-13 03:00,,0.5,15,37,5,121.45866699999999,25.012972,6
新莊,新北市,52,細懸浮微粒,普通,1.6,0.29,40,39.0,44,15,9.3,11.0,1.2,2.6,48.0,2019-12-13 03:00,,0.4,16,43,2,121.4325,25.037972,7
菜寮,新北市,53,細懸浮微粒,普通,1.7,0.31,33,31.0,30,15,8.8,11.0,1.9,2.7,80.0,2019-12-13 03:00,,0.5,16,35,2,121.48102800000001,25.06895,8
林口,新北市,49,,良好,1.8,0.23,43,40.0,26,10,5.2,6.1,0.9,4.0,92.0,2019-12-13 03:00,,0.3,15,34,3,121.376869,25.077197,9
淡水,新北市,49,,良好,1.7,0.33,32,35.0,19,15,11.0,12.0,1.0,,,2019-12-13 03:00,,0.4,15,27,2,121.44923899999999,25.1645,10
士林,臺北市,41,,良好,6.4,0.22,41,44.0,32,9,9.1,10.0,1.0,2.5,106.0,2019-12-13 03:00,,0.3,10,33,3,121.51538899999998,25.105417000000003,11
中山,臺北市,51,細懸浮微粒,普通,1.7,0.33,34,29.0,34,10,11.0,12.0,0.8,1.9,118.0,2019-12-13 03:00,,0.5,16,37,2,121.526528,25.062361,12
萬華,臺北市,52,細懸浮微粒,普通,0.7,0.28,41,32.0,32,15,6.8,7.5,0.7,2.4,102.0,2019-12-13 03:00,,0.5,16,37,1,121.507972,25.046503,13
古亭,臺北市,47,,良好,0.9,0.28,45,44.0,33,11,3.3,3.7,0.4,1.0,73.0,2019-12-13 03:00,,0.3,15,35,2,121.529556,25.020608,14
松山,臺北市,55,細懸浮微粒,普通,1.5,0.27,34,34.0,32,14,7.5,8.1,0.7,1.2,57.0,2019-12-13 03:00,,0.4,17,35,2,121.57861100000001,25.05,15
大同,臺北市,60,細懸浮微粒,普通,1.3,0.5,-,,37,17,,,,,,2019-12-13 03:00,,1.1,19,46,3,121.51331100000002,25.0632,16
桃園,桃園市,51,細懸浮微粒,普通,4.2,0.31,38,40.0,31,9,5.0,7.6,2.5,1.8,16.0,2019-12-13 03:00,,0.4,16,37,4,121.304383,24.995368,17
大園,桃園市,47,,良好,4.6,0.26,39,37.0,34,10,11.0,13.0,1.7,4.0,48.0,2019-12-13 03:00,,0.3,15,40,5,121.201811,25.060344,18
觀音,桃園市,57,細懸浮微粒,普通,9.2,0.32,34,30.0,46,16,15.0,15.0,0.1,4.1,1.0,2019-12-13 03:00,,0.4,18,43,6,121.082761,25.035503,19
平鎮,桃園市,53,細懸浮微粒,普通,2.3,0.34,42,45.0,31,12,6.8,7.8,1.0,2.2,30.0,2019-12-13 03:00,,0.4,16,37,2,121.20398600000001,24.952786,20
龍潭,桃園市,50,,良好,2.2,0.31,40,45.0,23,10,5.5,5.9,0.3,1.1,2.7,2019-12-13 03:00,,0.4,15,31,3,121.21635,24.863869,21
湖口,新竹縣,53,細懸浮微粒,普通,1.8,0.26,40,44.0,30,15,,,,2.6,32.0,2019-12-13 03:00,,0.3,17,34,3,121.038653,24.900142000000002,22
竹東,新竹縣,58,細懸浮微粒,普通,3.0,0.36,25,32.0,26,16,5.2,6.1,1.0,1.0,253.0,2019-12-13 03:00,,0.4,19,30,2,121.088903,24.740644,23
新竹,新竹市,58,細懸浮微粒,普通,1.5,0.32,37,38.0,25,11,7.3,7.7,0.4,0.5,306.0,2019-12-13 03:00,,0.4,18,33,2,120.972075,24.805619,24
頭份,苗栗縣,69,細懸浮微粒,普通,0.4,0.37,9.4,19.0,31,24,14.0,15.0,1.0,0.6,73.0,2019-12-13 03:00,,0.5,23,38,1,120.898572,24.696969,25
苗栗,苗栗縣,84,細懸浮微粒,普通,1.2,0.42,7.3,8.0,37,29,18.0,19.0,1.6,0.6,51.0,2019-12-13 03:00,,0.6,29,44,2,120.8202,24.565269,26
三義,苗栗縣,68,細懸浮微粒,普通,1.3,0.25,37,29.0,27,17,8.3,9.0,0.7,1.5,258.0,2019-12-13 03:00,,0.4,23,37,2,120.75883300000001,24.382942,27
豐原,臺中市,81,細懸浮微粒,普通,1.2,0.37,25,25.0,39,26,11.0,13.0,1.4,1.9,112.0,2019-12-13 03:00,,0.4,28,45,2,120.74171100000001,24.256586,28
沙鹿,臺中市,95,細懸浮微粒,普通,1.7,0.6,2.9,16.0,48,35,32.0,36.0,3.2,1.4,45.0,2019-12-13 03:00,,0.5,33,57,2,120.568794,24.225628,29
大里,臺中市,106,細懸浮微粒,對敏感族群不健康,2.5,0.6,4.6,5.0,59,37,24.0,26.0,2.1,1.5,122.0,2019-12-13 03:00,,0.8,38,67,3,120.67768899999999,24.099611,30
忠明,臺中市,98,細懸浮微粒,普通,2.2,0.66,9.7,12.0,57,38,30.0,32.0,2.2,0.6,171.0,2019-12-13 03:00,,0.7,35,61,3,120.64109199999999,24.151958,31
西屯,臺中市,104,細懸浮微粒,對敏感族群不健康,2.7,0.77,3.4,14.0,69,39,36.0,61.0,26.0,1.3,319.0,2019-12-13 03:00,,0.6,37,68,2,120.61691699999999,24.162197,32
彰化,彰化縣,85,細懸浮微粒,普通,0.9,0.74,1.4,11.0,50,30,32.0,40.0,7.8,1.7,340.0,2019-12-13 03:00,,0.7,29,56,2,120.541519,24.066,33
線西,彰化縣,82,細懸浮微粒,普通,4.4,0.47,14,25.0,57,28,25.0,25.0,0.0,1.7,53.0,2019-12-13 03:00,,0.5,28,63,4,120.46906100000001,24.131672000000002,34
二林,彰化縣,81,細懸浮微粒,普通,3.4,0.58,12,22.0,70,32,19.0,21.0,1.6,1.6,51.0,2019-12-13 03:00,,0.5,28,64,4,120.409653,23.925175,35
南投,南投縣,103,細懸浮微粒,對敏感族群不健康,0.4,0.42,7.6,6.0,48,36,11.0,15.0,3.2,0.4,48.0,2019-12-13 03:00,,0.7,36,64,2,120.68530600000001,23.913,36
斗六,雲林縣,115,細懸浮微粒,對敏感族群不健康,1.9,0.54,2.6,14.0,76,40,23.0,27.0,4.3,0.6,116.0,2019-12-13 03:00,,0.6,41,85,3,120.54499399999999,23.711853,37
崙背,雲林縣,87,細懸浮微粒,普通,2.6,0.53,16,24.0,61,29,16.0,18.0,1.9,0.9,49.0,2019-12-13 03:00,,0.5,30,64,3,120.34874199999999,23.757547,38
新港,嘉義縣,83,細懸浮微粒,普通,3.1,0.53,14,24.0,58,26,17.0,18.0,0.5,1.4,22.0,2019-12-13 03:00,,0.5,28,72,3,120.34553100000001,23.554839,39
朴子,嘉義縣,73,細懸浮微粒,普通,2.0,0.54,12,28.0,66,29,14.0,16.0,1.9,0.6,34.0,2019-12-13 03:00,,0.4,25,63,2,120.24781000000002,23.467123,40
臺西,雲林縣,63,細懸浮微粒,普通,2.0,0.32,42,43.0,40,17,4.5,6.4,1.9,5.3,20.0,2019-12-13 03:00,,0.3,20,48,2,120.20284199999999,23.717533,41
嘉義,嘉義市,102,細懸浮微粒,對敏感族群不健康,3.4,0.6,8.9,15.0,72,37,27.0,28.0,1.0,1.7,65.0,2019-12-13 03:00,,0.7,36,77,5,120.44083300000001,23.462778,42
新營,臺南市,89,細懸浮微粒,普通,2.0,0.52,16,24.0,62,31,18.0,19.0,0.9,1.4,63.0,2019-12-13 03:00,,0.5,31,66,3,120.31725,23.305633,43
善化,臺南市,92,細懸浮微粒,普通,2.7,0.49,12,25.0,70,34,19.0,20.0,1.0,1.8,14.0,2019-12-13 03:00,,0.4,32,70,3,120.297142,23.115097,44
安南,臺南市,85,細懸浮微粒,普通,2.6,0.56,11,28.0,69,34,28.0,29.0,1.1,1.7,17.0,2019-12-13 03:00,,0.5,29,68,2,120.2175,23.048197000000002,45
臺南,臺南市,91,細懸浮微粒,普通,3.3,0.53,11,28.0,69,30,26.0,27.0,1.4,0.9,5.2,2019-12-13 03:00,,0.5,32,68,3,120.20261699999999,22.984581,46
美濃,高雄市,76,細懸浮微粒,普通,0.7,0.31,10,21.0,34,25,7.3,9.7,2.4,0.4,31.0,2019-12-13 03:00,,0.4,26,43,1,120.530542,22.883582999999998,47
橋頭,高雄市,99,細懸浮微粒,普通,2.5,0.46,13,25.0,67,36,16.0,17.0,0.7,1.7,355.0,2019-12-13 03:00,,0.5,35,72,4,120.30568899999999,22.757506,48
仁武,高雄市,104,細懸浮微粒,對敏感族群不健康,2.6,0.45,13,22.0,66,36,18.0,18.0,0.3,0.6,332.0,2019-12-13 03:00,,0.5,37,71,3,120.332631,22.689056,49
鳳山,高雄市,94,細懸浮微粒,普通,2.3,0.49,12,25.0,74,31,25.0,25.0,0.5,1.1,36.0,2019-12-13 03:00,,0.6,33,75,2,120.35808300000001,22.627392,50
大寮,高雄市,112,細懸浮微粒,對敏感族群不健康,5.8,0.48,16,25.0,74,45,22.0,25.0,2.4,0.5,338.0,2019-12-13 03:00,,0.5,40,78,6,120.425081,22.565747,51
林園,高雄市,107,細懸浮微粒,對敏感族群不健康,3.5,0.44,22,29.0,88,40,18.0,18.0,0.7,2.7,15.0,2019-12-13 03:00,,0.5,38,89,4,120.41175,22.4795,52
楠梓,高雄市,91,細懸浮微粒,普通,1.8,0.39,20,27.0,60,30,12.0,13.0,0.6,1.5,336.0,2019-12-13 03:00,,0.5,32,70,3,120.32828899999998,22.733667,53
左營,高雄市,95,細懸浮微粒,普通,2.4,0.43,24,28.0,72,30,14.0,14.0,0.5,1.2,5.9,2019-12-13 03:00,,0.5,34,73,3,120.29291699999999,22.674861,54
前金,高雄市,103,細懸浮微粒,對敏感族群不健康,1.1,0.46,25,29.0,77,38,11.0,13.0,1.4,1.6,354.0,2019-12-13 03:00,,0.6,36,78,4,120.288086,22.632567,56
前鎮,高雄市,99,細懸浮微粒,普通,2.3,0.54,17,23.0,77,32,18.0,22.0,4.1,1.5,3.7,2019-12-13 03:00,,0.7,35,79,4,120.30756399999999,22.605386,57
小港,高雄市,98,細懸浮微粒,普通,2.7,0.54,6.8,15.0,74,37,35.0,37.0,1.8,0.9,6.0,2019-12-13 03:00,,0.7,35,76,3,120.337736,22.565832999999998,58
屏東,屏東縣,92,細懸浮微粒,普通,1.5,0.38,26,33.0,62,32,12.0,13.0,0.6,1.4,5.1,2019-12-13 03:00,,0.5,32,75,3,120.488033,22.673081,59
潮州,屏東縣,81,細懸浮微粒,普通,1.5,0.39,9.9,25.0,42,26,12.0,12.0,0.2,0.5,61.0,2019-12-13 03:00,,0.4,28,47,2,120.561175,22.523107999999997,60
恆春,屏東縣,71,細懸浮微粒,普通,1.4,0.28,55,59.0,41,23,2.9,3.0,0.2,7.8,34.0,2019-12-13 03:00,,0.3,24,42,2,120.788928,21.958069000000002,61
臺東,臺東縣,74,細懸浮微粒,普通,1.4,0.34,44,46.0,43,28,2.7,2.8,0.2,2.4,323.0,2019-12-13 03:00,,0.4,25,46,2,121.15045,22.755357999999998,62
花蓮,花蓮縣,71,細懸浮微粒,普通,1.5,0.26,28,35.0,34,22,3.0,4.8,1.8,0.4,243.0,2019-12-13 03:00,,0.4,24,43,1,121.599769,23.971306,63
宜蘭,宜蘭縣,55,細懸浮微粒,普通,1.1,0.3,33,37.0,31,15,1.5,2.6,1.1,1.0,204.0,2019-12-13 03:00,,0.4,17,34,2,121.746394,24.747917,65
冬山,宜蘭縣,52,細懸浮微粒,普通,1.1,0.31,30,35.0,20,11,3.5,4.1,0.5,0.9,312.0,2019-12-13 03:00,,0.3,16,32,2,121.792928,24.632203,66
三重,新北市,57,細懸浮微粒,普通,2.6,0.44,-,,36,16,24.0,43.0,19.0,,,2019-12-13 03:00,,0.9,18,42,3,121.493806,25.072611,67
中壢,桃園市,51,細懸浮微粒,普通,2.2,0.34,40,34.0,32,12,8.0,9.3,1.3,0.9,25.0,2019-12-13 03:00,,0.7,16,36,2,121.221667,24.953278,68
竹山,南投縣,112,細懸浮微粒,對敏感族群不健康,1.3,0.24,15,17.0,56,32,9.6,11.0,0.9,0.5,149.0,2019-12-13 03:00,,0.4,40,71,2,120.677306,23.756389000000002,69
永和,新北市,45,,良好,1.1,0.27,44,40.0,28,11,4.8,6.0,1.2,1.2,75.0,2019-12-13 03:00,,0.4,14,35,2,121.516306,25.017,70
復興,高雄市,102,細懸浮微粒,對敏感族群不健康,3.2,0.57,14,19.0,73,39,22.0,26.0,3.5,0.6,126.0,2019-12-13 03:00,,0.8,36,75,3,120.312017,22.608711,71
埔里,南投縣,96,細懸浮微粒,普通,1.9,0.35,16,19.0,36,30,12.0,14.0,1.4,0.8,252.0,2019-12-13 03:00,,0.5,34,50,2,120.967903,23.968842000000002,72
馬祖,連江縣,63,細懸浮微粒,普通,1.8,0.23,44,49.0,36,22,4.4,4.9,0.6,3.2,344.0,2019-12-13 03:00,,0.2,21,41,3,119.949875,26.160469,75
富貴角,新北市,47,,良好,0.1,0.17,47,48.0,43,13,1.2,1.2,0.0,5.7,96.0,2019-12-13 03:00,,0.2,14,46,1,121.536763,25.298562,84
臺南(麻豆),臺南市,87,細懸浮微粒,普通,4.8,0.17,16,26.0,67,28,17.0,18.0,1.2,1.1,8.3,2019-12-13 03:00,,0.1,30,70,2,,,201
彰化(大城),彰化縣,69,細懸浮微粒,普通,2.0,0.26,43,42.0,42,14,6.9,6.7,-0.2,1.5,37.0,2019-12-13 03:00,,0.3,23,57,3,,,202
屏東(琉球),屏東縣,94,細懸浮微粒,普通,3.7,0.35,31,42.0,60,33,19.0,19.0,0.8,2.3,320.0,2019-12-13 03:00,,0.4,33,64,5,,,204
楠梓加工出口區,高雄市,105,細懸浮微粒,對敏感族群不健康,17.0,0.4,21,25.0,64,43,14.0,14.0,0.6,0.8,68.0,2019-12-13 03:00,,0.5,37,68,11,,,310
高雄(楠梓),高雄市,105,細懸浮微粒,對敏感族群不健康,17.0,0.4,21,25.0,64,43,14.0,14.0,0.6,0.8,68.0,2019-12-13 03:00,,0.5,37,68,11,,,310
桃園(觀音工業區),桃園市,58,細懸浮微粒,普通,1.5,0.17,31,28.0,39,18,9.0,9.4,0.4,2.1,67.0,2019-12-13 03:00,,0.2,18,46,2,,,312
新店,新北市,47,,良好,1.8,0.25,36,39.0,25,11,,,,1.1,139.0,2019-12-13 04:00,,0.3,15,30,2,121.537778,24.977222,4
屏東(琉球),屏東縣,93,細懸浮微粒,普通,3.5,0.35,18,36.0,61,33,26.0,28.0,2.0,1.6,343.0,2019-12-13 04:00,,0.4,33,63,5,,,204
楠梓加工出口區,高雄市,108,細懸浮微粒,對敏感族群不健康,16.0,0.54,11,22.0,72,42,16.0,17.0,0.8,1.5,63.0,2019-12-13 04:00,,0.5,38,69,11,,,310
高雄(楠梓),高雄市,108,細懸浮微粒,對敏感族群不健康,16.0,0.54,11,22.0,72,42,16.0,17.0,0.8,1.5,63.0,2019-12-13 04:00,,0.5,38,69,11,,,310
桃園(觀音工業區),桃園市,54,細懸浮微粒,普通,0.4,0.14,34,29.0,59,13,3.6,3.9,0.3,2.5,67.0,2019-12-13 04:00,,0.2,17,47,2,,,312
高雄(左營),高雄市,101,細懸浮微粒,對敏感族群不健康,0.6,0.38,19,25.0,65,38,11.0,11.0,0.2,2.1,92.0,2019-12-13 04:00,,0.4,36,73,1,,,313
萬華,臺北市,52,細懸浮微粒,普通,1.5,0.27,37,33.0,30,13,7.8,8.5,0.7,2.2,95.0,2019-12-13 04:00,,0.4,16,35,1,121.507972,25.046503,13
古亭,臺北市,45,,良好,0.9,0.28,44,44.0,32,12,4.0,4.2,0.2,1.3,75.0,2019-12-13 04:00,,0.3,14,34,1,121.529556,25.020608,14
松山,臺北市,55,細懸浮微粒,普通,1.4,0.25,34,34.0,29,17,7.8,8.6,0.8,1.1,43.0,2019-12-13 04:00,,0.4,17,33,1,121.57861100000001,25.05,15
大同,臺北市,62,細懸浮微粒,普通,1.9,0.43,-,,46,21,,,,,,2019-12-13 04:00,,1.0,20,46,3,121.51331100000002,25.0632,16
桃園,桃園市,45,,良好,2.8,0.32,36,39.0,32,9,6.1,6.6,0.5,1.1,21.0,2019-12-13 04:00,,0.4,14,36,4,121.304383,24.995368,17
大園,桃園市,48,,良好,5.3,0.26,37,36.0,38,15,13.0,15.0,1.8,2.3,36.0,2019-12-13 04:00,,0.3,15,40,5,121.201811,25.060344,18
觀音,桃園市,54,細懸浮微粒,普通,3.4,0.24,42,31.0,46,12,8.3,8.3,0.1,3.9,1.0,2019-12-13 04:00,,0.4,17,44,6,121.082761,25.035503,19
平鎮,桃園市,51,細懸浮微粒,普通,2.4,0.42,32,43.0,35,15,16.0,18.0,1.4,1.3,40.0,2019-12-13 04:00,,0.4,16,36,2,121.20398600000001,24.952786,20
龍潭,桃園市,47,,良好,2.8,0.29,38,44.0,28,14,7.5,7.7,0.1,1.4,33.0,2019-12-13 04:00,,0.3,15,31,3,121.21635,24.863869,21
湖口,新竹縣,52,細懸浮微粒,普通,2.9,0.26,35,43.0,32,14,9.8,9.4,-0.4,2.0,63.0,2019-12-13 04:00,,0.3,16,33,3,121.038653,24.900142000000002,22
竹東,新竹縣,57,細懸浮微粒,普通,2.0,0.34,19,29.0,22,15,6.5,7.8,1.3,1.0,138.0,2019-12-13 04:00,,0.4,18,29,2,121.088903,24.740644,23
新竹,新竹市,55,細懸浮微粒,普通,2.5,0.34,27,36.0,30,14,12.0,12.0,0.3,1.3,85.0,2019-12-13 04:00,,0.4,17,32,2,120.972075,24.805619,24
頭份,苗栗縣,70,細懸浮微粒,普通,0.5,0.35,9.3,15.0,32,26,14.0,16.0,1.3,1.9,127.0,2019-12-13 04:00,,0.5,23,36,1,120.898572,24.696969,25
苗栗,苗栗縣,83,細懸浮微粒,普通,1.2,0.39,2.4,6.0,39,27,20.0,22.0,1.7,0.6,39.0,2019-12-13 04:00,,0.6,28,43,2,120.8202,24.565269,26
三義,苗栗縣,67,細懸浮微粒,普通,1.3,0.26,28,30.0,28,17,10.0,11.0,0.6,1.8,24.0,2019-12-13 04:00,,0.4,22,36,2,120.75883300000001,24.382942,27
豐原,臺中市,81,細懸浮微粒,普通,1.8,0.35,23,25.0,36,26,13.0,14.0,1.4,1.7,113.0,2019-12-13 04:00,,0.4,28,44,2,120.74171100000001,24.256586,28
沙鹿,臺中市,95,細懸浮微粒,普通,2.5,0.55,9.1,13.0,57,35,30.0,33.0,2.6,2.3,33.0,2019-12-13 04:00,,0.5,33,57,2,120.568794,24.225628,29
大里,臺中市,106,細懸浮微粒,對敏感族群不健康,2.8,0.62,3.1,4.0,59,41,23.0,26.0,3.6,0.9,200.0,2019-12-13 04:00,,0.8,38,65,3,120.67768899999999,24.099611,30
忠明,臺中市,102,細懸浮微粒,對敏感族群不健康,2.7,0.82,4.1,10.0,62,41,36.0,64.0,29.0,1.3,28.0,2019-12-13 04:00,,0.7,36,61,3,120.64109199999999,24.151958,31
西屯,臺中市,107,細懸浮微粒,對敏感族群不健康,2.1,0.64,4.9,12.0,68,38,33.0,40.0,7.1,0.8,16.0,2019-12-13 04:00,,0.6,38,69,2,120.61691699999999,24.162197,32
彰化,彰化縣,87,細懸浮微粒,普通,1.3,0.72,1.7,9.0,53,33,34.0,43.0,8.7,1.0,11.0,2019-12-13 04:00,,0.7,30,56,2,120.541519,24.066,33
線西,彰化縣,85,細懸浮微粒,普通,4.5,0.49,13,22.0,61,35,23.0,23.0,0.0,2.3,31.0,2019-12-13 04:00,,0.5,29,63,4,120.46906100000001,24.131672000000002,34
二林,彰化縣,84,細懸浮微粒,普通,3.3,0.57,6.9,19.0,74,30,22.0,24.0,2.0,1.4,69.0,2019-12-13 04:00,,0.5,29,66,4,120.409653,23.925175,35
南投,南投縣,100,細懸浮微粒,普通,0.1,0.42,5.4,5.0,49,30,12.0,16.0,3.3,0.8,235.0,2019-12-13 04:00,,0.6,35,61,2,120.68530600000001,23.913,36
斗六,雲林縣,116,細懸浮微粒,對敏感族群不健康,2.0,0.52,3.9,11.0,79,44,21.0,23.0,2.3,0.7,16.0,2019-12-13 04:00,,0.6,41,84,3,120.54499399999999,23.711853,37
崙背,雲林縣,88,細懸浮微粒,普通,2.5,0.55,12,20.0,63,30,17.0,19.0,1.9,0.9,49.0,2019-12-13 04:00,,0.5,31,64,3,120.34874199999999,23.757547,38
新港,嘉義縣,84,細懸浮微粒,普通,3.2,0.56,9.8,21.0,69,32,18.0,19.0,0.6,0.8,27.0,2019-12-13 04:00,,0.5,29,72,3,120.34553100000001,23.554839,39
朴子,嘉義縣,76,細懸浮微粒,普通,1.9,0.56,9,24.0,65,29,15.0,17.0,1.8,0.5,47.0,2019-12-13 04:00,,0.4,26,64,3,120.24781000000002,23.467123,40
臺西,雲林縣,62,細懸浮微粒,普通,2.7,0.28,41,41.0,37,19,5.0,7.1,2.0,6.9,16.0,2019-12-13 04:00,,0.3,20,45,2,120.20284199999999,23.717533,41
嘉義,嘉義市,103,細懸浮微粒,對敏感族群不健康,2.8,0.6,7.7,12.0,78,39,24.0,25.0,0.4,0.7,101.0,2019-12-13 04:00,,0.6,36,78,5,120.44083300000001,23.462778,42
新營,臺南市,89,細懸浮微粒,普通,2.5,0.57,9.1,21.0,65,32,23.0,24.0,1.0,1.2,35.0,2019-12-13 04:00,,0.5,31,66,3,120.31725,23.305633,43
善化,臺南市,94,細懸浮微粒,普通,3.1,0.55,6.7,21.0,71,37,23.0,24.0,1.1,0.9,21.0,2019-12-13 04:00,,0.5,33,71,3,120.297142,23.115097,44
安南,臺南市,87,細懸浮微粒,普通,2.7,0.53,14,23.0,65,32,23.0,23.0,0.9,2.1,26.0,2019-12-13 04:00,,0.5,30,68,2,120.2175,23.048197000000002,45
臺南,臺南市,91,細懸浮微粒,普通,3.6,0.52,16,24.0,62,32,22.0,23.0,1.0,1.4,16.0,2019-12-13 04:00,,0.5,32,68,3,120.20261699999999,22.984581,46
美濃,高雄市,76,細懸浮微粒,普通,0.9,0.31,8.8,17.0,38,24,7.8,10.0,2.3,0.4,358.0,2019-12-13 04:00,,0.3,26,43,1,120.530542,22.883582999999998,47
橋頭,高雄市,103,細懸浮微粒,對敏感族群不健康,3.1,0.54,8.5,21.0,77,38,18.0,19.0,1.2,2.7,1.0,2019-12-13 04:00,,0.5,36,73,4,120.30568899999999,22.757506,48
仁武,高雄市,105,細懸浮微粒,對敏感族群不健康,2.5,0.45,14,19.0,64,40,19.0,19.0,0.4,2.4,337.0,2019-12-13 04:00,,0.5,37,71,3,120.332631,22.689056,49
鳳山,高雄市,96,細懸浮微粒,普通,1.8,0.5,10,21.0,71,36,22.0,23.0,0.7,1.3,30.0,2019-12-13 04:00,,0.6,34,75,2,120.35808300000001,22.627392,50
大寮,高雄市,113,細懸浮微粒,對敏感族群不健康,9.6,0.35,18,25.0,59,35,19.0,21.0,1.9,1.0,301.0,2019-12-13 04:00,,0.5,40,76,6,120.425081,22.565747,51
林園,高雄市,106,細懸浮微粒,對敏感族群不健康,3.2,0.4,24,27.0,73,37,16.0,17.0,0.7,2.3,17.0,2019-12-13 04:00,,0.5,38,85,4,120.41175,22.4795,52
楠梓,高雄市,92,細懸浮微粒,普通,2.5,0.46,11,23.0,69,34,17.0,17.0,0.9,2.4,304.0,2019-12-13 04:00,,0.5,32,70,3,120.32828899999998,22.733667,53
左營,高雄市,96,細懸浮微粒,普通,2.1,0.48,17,26.0,70,34,13.0,13.0,0.3,1.7,319.0,2019-12-13 04:00,,0.5,34,73,3,120.29291699999999,22.674861,54
前金,高雄市,102,細懸浮微粒,對敏感族群不健康,0.9,0.44,26,28.0,69,37,11.0,12.0,1.3,2.9,334.0,2019-12-13 04:00,,0.5,36,77,4,120.288086,22.632567,56
前鎮,高雄市,99,細懸浮微粒,普通,2.9,0.52,15,21.0,71,36,20.0,24.0,3.5,2.6,28.0,2019-12-13 04:00,,0.7,35,77,4,120.30756399999999,22.605386,57
小港,高雄市,99,細懸浮微粒,普通,2.2,0.51,11,13.0,65,36,28.0,30.0,1.7,1.3,59.0,2019-12-13 04:00,,0.6,35,74,3,120.337736,22.565832999999998,58
屏東,屏東縣,88,細懸浮微粒,普通,1.4,0.35,20,30.0,51,24,12.0,12.0,0.5,1.4,343.0,2019-12-13 04:00,,0.5,31,69,3,120.488033,22.673081,59
潮州,屏東縣,85,細懸浮微粒,普通,1.5,0.4,6.9,21.0,43,34,12.0,12.0,0.4,1.4,71.0,2019-12-13 04:00,,0.4,29,47,2,120.561175,22.523107999999997,60
恆春,屏東縣,72,細懸浮微粒,普通,1.5,0.28,54,58.0,40,23,2.8,3.0,0.2,8.0,29.0,2019-12-13 04:00,,0.3,24,41,2,120.788928,21.958069000000002,61
臺東,臺東縣,74,細懸浮微粒,普通,1.4,0.35,44,46.0,40,23,2.6,2.8,0.2,1.9,320.0,2019-12-13 04:00,,0.4,25,45,2,121.15045,22.755357999999998,62
花蓮,花蓮縣,68,細懸浮微粒,普通,1.4,0.22,23,31.0,24,18,2.1,3.6,1.5,0.7,232.0,2019-12-13 04:00,,0.4,23,39,1,121.599769,23.971306,63
陽明,臺北市,40,,良好,0.9,0.2,40,43.0,16,7,1.6,1.7,0.1,,,2019-12-13 04:00,,0.2,9,17,2,121.529583,25.182722000000002,64
宜蘭,宜蘭縣,51,細懸浮微粒,普通,1.2,0.3,33,36.0,21,9,0.5,1.4,0.9,0.7,233.0,2019-12-13 04:00,,0.3,16,31,2,121.746394,24.747917,65
冬山,宜蘭縣,52,細懸浮微粒,普通,1.4,0.32,29,35.0,18,16,4.5,5.4,0.8,1.4,318.0,2019-12-13 04:00,,0.3,16,29,2,121.792928,24.632203,66
三重,新北市,57,細懸浮微粒,普通,3.6,0.57,-,,39,19,27.0,49.0,22.0,,,2019-12-13 04:00,,0.8,18,41,3,121.493806,25.072611,67
中壢,桃園市,48,,良好,2.4,0.29,40,36.0,30,11,6.6,6.9,0.3,0.7,4.1,2019-12-13 04:00,,0.6,15,35,2,121.221667,24.953278,68
竹山,南投縣,111,細懸浮微粒,對敏感族群不健康,1.1,0.22,14,16.0,50,35,10.0,11.0,0.8,0.5,185.0,2019-12-13 04:00,,0.4,39,67,2,120.677306,23.756389000000002,69
永和,新北市,45,,良好,1.3,0.27,42,40.0,29,13,5.1,6.1,1.1,1.5,86.0,2019-12-13 04:00,,0.4,14,34,2,121.516306,25.017,70
復興,高雄市,103,細懸浮微粒,對敏感族群不健康,3.9,0.55,11,18.0,66,37,24.0,27.0,2.8,1.1,273.0,2019-12-13 04:00,,0.7,36,73,3,120.312017,22.608711,71
埔里,南投縣,94,細懸浮微粒,普通,1.8,0.35,10,17.0,41,26,12.0,13.0,1.4,0.9,304.0,2019-12-13 04:00,,0.5,33,49,2,120.967903,23.968842000000002,72
馬祖,連江縣,62,細懸浮微粒,普通,2.3,0.26,44,47.0,38,21,5.4,6.0,0.7,2.6,351.0,2019-12-13 04:00,,0.2,20,39,3,119.949875,26.160469,75
金門,金門縣,74,細懸浮微粒,普通,2.4,0.19,43,45.0,43,18,6.4,6.8,0.4,2.7,9.8,2019-12-13 04:00,,0.3,25,58,4,118.312256,24.432133,77
馬公,澎湖縣,49,,良好,1.1,0.14,48,51.0,37,15,1.1,1.8,0.7,5.2,19.0,2019-12-13 04:00,,0.2,15,42,2,119.566158,23.569031,78
關山,臺東縣,70,細懸浮微粒,普通,1.5,-,18,30.0,25,24,2.0,2.7,0.7,0.4,66.0,2019-12-13 04:00,,,23,36,2,121.161933,23.045082999999998,80
麥寮,雲林縣,73,細懸浮微粒,普通,1.3,0.49,17,26.0,65,22,16.0,17.0,0.8,2.2,25.0,2019-12-13 04:00,,0.5,24,66,2,120.251825,23.753505999999998,83
富貴角,新北市,45,,良好,0.2,0.18,45,47.0,50,13,2.8,2.8,0.1,5.1,96.0,2019-12-13 04:00,,0.2,14,47,1,121.536763,25.298562,84
臺南(麻豆),臺南市,86,細懸浮微粒,普通,4.9,0.2,12,22.0,64,28,20.0,21.0,1.0,1.4,82.0,2019-12-13 04:00,,0.1,30,69,2,,,201
彰化(大城),彰化縣,65,細懸浮微粒,普通,2.0,0.23,41,41.0,42,18,7.6,7.2,-0.4,2.3,49.0,2019-12-13 04:00,,0.3,21,54,3,,,202
基隆,基隆市,42,,良好,2.4,0.86,3.4,25.0,35,11,26.0,60.0,34.0,0.5,80.0,2019-12-13 08:00,,0.3,13,31,2,121.760056,25.129167000000002,1
汐止,新北市,51,細懸浮微粒,普通,11.0,0.84,4.8,16.0,36,17,34.0,85.0,51.0,1.1,50.0,2019-12-13 08:00,,0.4,16,33,3,121.6423,25.067131,2
萬里,新北市,44,,良好,2.7,0.33,18,36.0,21,11,13.0,18.0,5.5,1.8,198.0,2019-12-13 08:00,,0.2,14,35,2,121.689881,25.179667000000002,3
新店,新北市,40,,良好,1.8,0.69,13,30.0,21,10,,,,0.8,177.0,2019-12-13 08:00,,0.4,12,27,2,121.537778,24.977222,4
土城,新北市,38,,良好,2.3,0.87,5.3,31.0,28,12,29.0,50.0,21.0,0.7,134.0,2019-12-13 08:00,,0.4,12,31,1,121.45186100000001,24.982528,5
板橋,新北市,44,,良好,0.0,0.96,8,31.0,33,15,32.0,56.0,24.0,0.9,270.0,2019-12-13 08:00,,0.4,14,33,4,121.45866699999999,25.012972,6
沙鹿,臺中市,90,細懸浮微粒,普通,1.9,0.37,23,12.0,41,25,16.0,17.0,0.9,2.2,36.0,2019-12-13 05:00,,0.5,31,53,2,120.568794,24.225628,29
大里,臺中市,104,細懸浮微粒,對敏感族群不健康,2.9,0.61,1.9,2.0,53,31,22.0,27.0,5.2,1.0,117.0,2019-12-13 05:00,,0.8,37,63,3,120.67768899999999,24.099611,30
忠明,臺中市,105,細懸浮微粒,對敏感族群不健康,2.8,0.68,4.6,7.0,69,41,36.0,41.0,4.8,2.2,40.0,2019-12-13 05:00,,0.7,37,62,3,120.64109199999999,24.151958,31
西屯,臺中市,108,細懸浮微粒,對敏感族群不健康,2.4,0.6,4.7,9.0,65,41,31.0,36.0,5.5,1.5,36.0,2019-12-13 05:00,,0.7,38,68,2,120.61691699999999,24.162197,32
竹山,南投縣,105,細懸浮微粒,對敏感族群不健康,1.3,0.18,17,15.0,48,29,7.7,8.2,0.5,0.9,138.0,2019-12-13 05:00,,0.3,37,63,2,120.677306,23.756389000000002,69
永和,新北市,44,,良好,1.2,0.36,39,40.0,32,15,8.0,9.9,2.0,0.9,125.0,2019-12-13 05:00,,0.3,14,33,2,121.516306,25.017,70
復興,高雄市,105,細懸浮微粒,對敏感族群不健康,2.5,0.54,16,16.0,72,43,18.0,20.0,1.9,1.3,264.0,2019-12-13 05:00,,0.7,37,73,3,120.312017,22.608711,71
埔里,南投縣,91,細懸浮微粒,普通,1.8,0.32,12,17.0,38,26,11.0,13.0,1.4,0.6,136.0,2019-12-13 05:00,,0.4,32,47,2,120.967903,23.968842000000002,72
萬華,臺北市,53,細懸浮微粒,普通,0.7,0.27,37,34.0,40,19,8.5,9.3,0.8,1.7,90.0,2019-12-13 05:00,,0.4,16,36,1,121.507972,25.046503,13
古亭,臺北市,45,,良好,1.0,0.29,41,44.0,35,15,4.8,5.0,0.1,0.5,201.0,2019-12-13 05:00,,0.3,14,34,1,121.529556,25.020608,14
松山,臺北市,51,細懸浮微粒,普通,1.3,0.25,36,35.0,31,12,6.3,7.0,0.6,1.0,36.0,2019-12-13 05:00,,0.3,16,33,1,121.57861100000001,25.05,15
大同,臺北市,63,細懸浮微粒,普通,1.5,0.39,-,,39,18,,,,,,2019-12-13 05:00,,0.9,21,45,3,121.51331100000002,25.0632,16
桃園,桃園市,44,,良好,2.7,0.35,33,39.0,35,15,8.8,9.5,0.7,0.9,38.0,2019-12-13 05:00,,0.3,13,35,4,121.304383,24.995368,17
大園,桃園市,47,,良好,4.5,0.27,29,35.0,38,14,19.0,21.0,2.1,2.5,61.0,2019-12-13 05:00,,0.3,14,39,5,121.201811,25.060344,18
觀音,桃園市,52,細懸浮微粒,普通,2.5,0.2,41,32.0,42,13,8.2,8.3,0.0,4.2,1.9,2019-12-13 05:00,,0.3,16,43,6,121.082761,25.035503,19
平鎮,桃園市,50,,良好,2.7,0.38,36,42.0,39,16,11.0,12.0,1.1,1.3,58.0,2019-12-13 05:00,,0.4,15,36,2,121.20398600000001,24.952786,20
龍潭,桃園市,47,,良好,2.8,0.33,35,43.0,27,15,10.0,11.0,0.5,0.5,334.0,2019-12-13 05:00,,0.3,15,29,3,121.21635,24.863869,21
湖口,新竹縣,53,細懸浮微粒,普通,2.3,0.26,32,41.0,27,18,10.0,9.7,-0.2,1.3,89.0,2019-12-13 05:00,,0.3,16,32,3,121.038653,24.900142000000002,22
竹東,新竹縣,55,細懸浮微粒,普通,1.9,0.31,21,27.0,32,14,4.9,6.2,1.3,1.3,151.0,2019-12-13 05:00,,0.4,17,29,2,121.088903,24.740644,23
新竹,新竹市,51,細懸浮微粒,普通,2.3,0.36,15,33.0,27,12,17.0,18.0,0.6,0.5,191.0,2019-12-13 05:00,,0.4,16,31,2,120.972075,24.805619,24
頭份,苗栗縣,70,細懸浮微粒,普通,0.4,0.36,9.7,13.0,32,23,13.0,14.0,0.9,1.4,117.0,2019-12-13 05:00,,0.5,23,35,1,120.898572,24.696969,25
苗栗,苗栗縣,82,細懸浮微粒,普通,1.4,0.38,0.1,4.0,34,24,22.0,34.0,12.0,0.4,18.0,2019-12-13 05:00,,0.5,28,42,2,120.8202,24.565269,26
三義,苗栗縣,69,細懸浮微粒,普通,1.6,0.39,15,28.0,33,27,20.0,21.0,0.6,1.7,22.0,2019-12-13 05:00,,0.4,23,35,2,120.75883300000001,24.382942,27
豐原,臺中市,81,細懸浮微粒,普通,1.9,0.41,13,24.0,45,26,19.0,20.0,1.4,1.5,95.0,2019-12-13 05:00,,0.4,28,43,2,120.74171100000001,24.256586,28
彰化,彰化縣,89,細懸浮微粒,普通,2.2,0.63,5.8,6.0,51,34,30.0,31.0,1.5,0.9,341.0,2019-12-13 05:00,,0.7,31,55,2,120.541519,24.066,33
線西,彰化縣,85,細懸浮微粒,普通,4.8,0.51,9.3,18.0,56,28,26.0,26.0,-0.2,2.3,35.0,2019-12-13 05:00,,0.5,29,62,4,120.46906100000001,24.131672000000002,34
二林,彰化縣,86,細懸浮微粒,普通,3.8,0.54,6,16.0,69,33,24.0,27.0,2.4,1.6,44.0,2019-12-13 05:00,,0.5,30,67,4,120.409653,23.925175,35
南投,南投縣,96,細懸浮微粒,普通,-0.1,0.39,2.6,5.0,44,29,12.0,18.0,6.3,0.7,37.0,2019-12-13 05:00,,0.5,34,57,2,120.68530600000001,23.913,36
斗六,雲林縣,117,細懸浮微粒,對敏感族群不健康,1.4,0.49,3.3,9.0,70,42,20.0,23.0,3.3,0.7,87.0,2019-12-13 05:00,,0.5,42,81,3,120.54499399999999,23.711853,37
崙背,雲林縣,89,細懸浮微粒,普通,2.8,0.58,6.2,17.0,67,37,24.0,26.0,2.3,1.2,40.0,2019-12-13 05:00,,0.5,31,64,3,120.34874199999999,23.757547,38
新港,嘉義縣,87,細懸浮微粒,普通,3.0,0.6,2.5,17.0,72,34,25.0,27.0,1.4,1.5,4.8,2019-12-13 05:00,,0.5,30,70,3,120.34553100000001,23.554839,39
新營,臺南市,89,細懸浮微粒,普通,2.8,0.56,1.9,17.0,63,31,31.0,35.0,3.3,2.0,15.0,2019-12-13 05:00,,0.5,31,66,3,120.31725,23.305633,43
善化,臺南市,95,細懸浮微粒,普通,3.2,0.54,6.1,17.0,73,35,23.0,24.0,1.1,2.2,6.2,2019-12-13 05:00,,0.5,34,71,3,120.297142,23.115097,44
安南,臺南市,91,細懸浮微粒,普通,2.7,0.52,12,20.0,63,36,22.0,23.0,0.8,1.4,337.0,2019-12-13 05:00,,0.5,32,67,2,120.2175,23.048197000000002,45
朴子,嘉義縣,77,細懸浮微粒,普通,2.1,0.55,7.5,20.0,56,27,16.0,19.0,2.2,0.6,349.0,2019-12-13 05:00,,0.5,26,63,3,120.24781000000002,23.467123,40
臺西,雲林縣,63,細懸浮微粒,普通,2.4,0.27,38,40.0,37,21,5.3,7.5,2.2,3.8,33.0,2019-12-13 05:00,,0.3,20,43,2,120.20284199999999,23.717533,41
嘉義,嘉義市,108,細懸浮微粒,對敏感族群不健康,2.9,0.63,4,10.0,76,43,25.0,26.0,1.2,1.5,41.0,2019-12-13 05:00,,0.6,38,78,5,120.44083300000001,23.462778,42
臺南,臺南市,92,細懸浮微粒,普通,3.4,0.5,15,21.0,62,33,21.0,23.0,1.2,1.6,10.0,2019-12-13 05:00,,0.5,32,68,3,120.20261699999999,22.984581,46
美濃,高雄市,75,細懸浮微粒,普通,0.9,0.33,4.2,14.0,39,23,10.0,14.0,3.1,0.9,88.0,2019-12-13 05:00,,0.3,25,41,1,120.530542,22.883582999999998,47
橋頭,高雄市,106,細懸浮微粒,對敏感族群不健康,3.6,0.57,5.2,17.0,72,41,21.0,22.0,1.4,1.9,2.7,2019-12-13 05:00,,0.5,37,74,4,120.30568899999999,22.757506,48
仁武,高雄市,106,細懸浮微粒,對敏感族群不健康,2.8,0.49,8.1,16.0,71,38,21.0,22.0,1.3,2.1,329.0,2019-12-13 05:00,,0.5,37,71,3,120.332631,22.689056,49
鳳山,高雄市,96,細懸浮微粒,普通,2.6,0.48,7.4,17.0,72,33,23.0,24.0,0.9,1.3,311.0,2019-12-13 05:00,,0.5,34,75,2,120.35808300000001,22.627392,50
大寮,高雄市,110,細懸浮微粒,對敏感族群不健康,5.2,0.36,18,23.0,55,33,17.0,19.0,2.2,2.5,308.0,2019-12-13 05:00,,0.4,39,73,5,120.425081,22.565747,51
林園,高雄市,106,細懸浮微粒,對敏感族群不健康,4.1,0.36,20,26.0,61,36,17.0,18.0,0.5,2.2,14.0,2019-12-13 05:00,,0.4,37,81,4,120.41175,22.4795,52
楠梓,高雄市,96,細懸浮微粒,普通,2.1,0.46,6.8,19.0,69,38,18.0,19.0,1.2,1.8,323.0,2019-12-13 05:00,,0.5,34,70,3,120.32828899999998,22.733667,53
左營,高雄市,96,細懸浮微粒,普通,3.1,0.61,8.1,22.0,79,37,21.0,21.0,0.5,1.8,329.0,2019-12-13 05:00,,0.5,34,75,3,120.29291699999999,22.674861,54
前金,高雄市,105,細懸浮微粒,對敏感族群不健康,1.9,0.6,7.7,24.0,78,37,22.0,23.0,1.5,2.0,322.0,2019-12-13 05:00,,0.5,37,77,3,120.288086,22.632567,56
前鎮,高雄市,98,細懸浮微粒,普通,2.0,0.56,17,19.0,75,40,17.0,20.0,3.3,2.9,27.0,2019-12-13 05:00,,0.7,35,76,4,120.30756399999999,22.605386,57
小港,高雄市,102,細懸浮微粒,對敏感族群不健康,2.1,0.5,8.2,11.0,70,39,31.0,33.0,2.1,0.9,28.0,2019-12-13 05:00,,0.6,36,73,3,120.337736,22.565832999999998,58
屏東,屏東縣,87,細懸浮微粒,普通,1.5,0.32,22,28.0,49,27,10.0,10.0,0.4,1.7,3.0,2019-12-13 05:00,,0.5,30,66,3,120.488033,22.673081,59
潮州,屏東縣,84,細懸浮微粒,普通,1.3,0.34,11,17.0,38,28,10.0,10.0,0.1,0.4,58.0,2019-12-13 05:00,,0.4,29,45,2,120.561175,22.523107999999997,60
恆春,屏東縣,69,細懸浮微粒,普通,1.4,0.29,54,57.0,34,22,2.8,2.9,0.1,7.9,21.0,2019-12-13 05:00,,0.3,23,40,2,120.788928,21.958069000000002,61
臺東,臺東縣,75,細懸浮微粒,普通,1.4,0.34,42,45.0,35,24,2.5,2.8,0.3,2.5,323.0,2019-12-13 05:00,,0.4,25,43,2,121.15045,22.755357999999998,62
花蓮,花蓮縣,64,細懸浮微粒,普通,1.3,0.19,22,28.0,18,14,1.8,3.1,1.3,1.0,224.0,2019-12-13 05:00,,0.3,21,35,1,121.599769,23.971306,63
陽明,臺北市,40,,良好,0.9,0.2,41,43.0,13,8,1.3,1.5,0.2,,,2019-12-13 05:00,,0.2,9,16,2,121.529583,25.182722000000002,64
宜蘭,宜蘭縣,47,,良好,1.2,0.28,28,35.0,17,11,0.4,1.5,1.1,1.1,213.0,2019-12-13 05:00,,0.3,15,29,2,121.746394,24.747917,65
冬山,宜蘭縣,46,,良好,1.1,0.32,30,34.0,20,5,2.8,3.3,0.5,1.1,282.0,2019-12-13 05:00,,0.3,14,26,2,121.792928,24.632203,66
三重,新北市,57,細懸浮微粒,普通,3.4,0.66,-,,44,19,32.0,63.0,31.0,,,2019-12-13 05:00,,0.8,18,41,3,121.493806,25.072611,67
中壢,桃園市,44,,良好,2.6,0.32,37,37.0,30,11,10.0,11.0,0.6,0.4,16.0,2019-12-13 05:00,,0.6,14,34,2,121.221667,24.953278,68
馬祖,連江縣,59,細懸浮微粒,普通,2.1,0.25,43,46.0,37,16,4.9,5.4,0.6,2.7,344.0,2019-12-13 05:00,,0.2,19,39,3,119.949875,26.160469,75
金門,金門縣,69,細懸浮微粒,普通,2.7,0.19,44,44.0,47,19,5.7,6.1,0.4,2.6,7.9,2019-12-13 05:00,,0.3,23,55,3,118.312256,24.432133,77
馬公,澎湖縣,46,,良好,1.2,0.13,47,50.0,36,10,1.0,1.6,0.5,5.5,22.0,2019-12-13 05:00,,0.2,14,41,2,119.566158,23.569031,78
關山,臺東縣,66,細懸浮微粒,普通,1.7,-,14,27.0,29,16,2.7,3.4,0.7,0.5,97.0,2019-12-13 05:00,,,22,34,2,121.161933,23.045082999999998,80
麥寮,雲林縣,75,細懸浮微粒,普通,1.4,0.52,13,23.0,73,32,16.0,18.0,1.5,1.6,25.0,2019-12-13 05:00,,0.5,25,67,2,120.251825,23.753505999999998,83
富貴角,新北市,46,,良好,0.1,0.18,47,47.0,52,16,1.1,1.2,0.1,3.9,86.0,2019-12-13 05:00,,0.2,14,47,1,121.536763,25.298562,84
臺南(麻豆),臺南市,87,細懸浮微粒,普通,4.9,0.21,10,19.0,66,32,22.0,23.0,1.2,1.3,81.0,2019-12-13 05:00,,0.1,30,68,3,,,201
彰化(大城),彰化縣,64,細懸浮微粒,普通,2.0,0.3,27,38.0,55,23,13.0,13.0,0.1,2.1,45.0,2019-12-13 05:00,,0.3,21,52,3,,,202
屏東(琉球),屏東縣,89,細懸浮微粒,普通,3.3,0.27,14,31.0,44,26,29.0,32.0,3.3,2.2,327.0,2019-12-13 05:00,,0.4,31,59,5,,,204
楠梓加工出口區,高雄市,111,細懸浮微粒,對敏感族群不健康,17.0,0.51,12,19.0,72,44,18.0,19.0,0.8,0.9,59.0,2019-12-13 05:00,,0.5,40,70,12,,,310
高雄(楠梓),高雄市,111,細懸浮微粒,對敏感族群不健康,17.0,0.51,12,19.0,72,44,18.0,19.0,0.8,0.9,59.0,2019-12-13 05:00,,0.5,40,70,12,,,310
桃園(觀音工業區),桃園市,52,細懸浮微粒,普通,0.3,0.15,33,29.0,42,12,4.7,5.3,0.6,2.3,66.0,2019-12-13 05:00,,0.2,16,45,2,,,312
高雄(左營),高雄市,103,細懸浮微粒,對敏感族群不健康,0.9,0.44,12,22.0,67,39,15.0,15.0,0.5,2.1,128.0,2019-12-13 05:00,,0.4,36,72,1,,,313
桃園(觀音工業區),桃園市,53,細懸浮微粒,普通,0.4,0.17,29,29.0,50,17,9.6,12.0,2.2,2.0,66.0,2019-12-13 06:00,,0.2,16,46,2,,,312
高雄(左營),高雄市,106,細懸浮微粒,對敏感族群不健康,0.7,0.44,10,20.0,70,42,16.0,18.0,1.6,1.8,123.0,2019-12-13 06:00,,0.4,38,72,1,,,313
基隆,基隆市,41,,良好,2.5,0.78,6.2,20.0,36,11,25.0,46.0,21.0,0.7,282.0,2019-12-13 09:00,,0.4,13,32,2,121.760056,25.129167000000002,1
汐止,新北市,53,細懸浮微粒,普通,12.0,1.01,4.3,13.0,45,20,36.0,100.0,64.0,1.1,43.0,2019-12-13 09:00,,0.5,16,36,4,121.6423,25.067131,2
萬里,新北市,44,,良好,2.5,0.34,19,32.0,28,12,14.0,19.0,5.2,1.0,200.0,2019-12-13 09:00,,0.3,14,33,2,121.689881,25.179667000000002,3
新店,新北市,40,,良好,2.1,0.7,13,27.0,21,12,,,,1.0,172.0,2019-12-13 09:00,,0.4,12,25,2,121.537778,24.977222,4
土城,新北市,43,,良好,4.0,1.54,6.9,27.0,50,20,37.0,94.0,56.0,0.9,39.0,2019-12-13 09:00,,0.6,13,34,2,121.45186100000001,24.982528,5
板橋,新北市,46,,良好,,1.19,14,28.0,40,17,33.0,64.0,31.0,2.5,155.0,2019-12-13 09:00,,0.5,14,33,4,121.45866699999999,25.012972,6
新莊,新北市,53,細懸浮微粒,普通,3.3,1.01,15,27.0,48,18,43.0,59.0,16.0,2.3,118.0,2019-12-13 09:00,,0.5,16,42,2,121.4325,25.037972,7
菜寮,新北市,53,細懸浮微粒,普通,2.0,1.52,8,22.0,33,19,37.0,69.0,32.0,1.7,112.0,2019-12-13 09:00,,0.7,16,35,2,121.48102800000001,25.06895,8
林口,新北市,45,,良好,2.3,0.58,18,34.0,43,17,28.0,43.0,15.0,2.1,82.0,2019-12-13 09:00,,0.3,14,35,3,121.376869,25.077197,9
淡水,新北市,49,,良好,1.6,0.7,7.6,22.0,28,15,25.0,38.0,13.0,,,2019-12-13 09:00,,0.4,15,25,2,121.44923899999999,25.1645,10
士林,臺北市,37,,良好,2.3,0.64,12,35.0,43,16,33.0,49.0,16.0,0.6,119.0,2019-12-13 09:00,,0.3,12,33,3,121.51538899999998,25.105417000000003,11
基隆,基隆市,43,,良好,1.6,0.28,16,35.0,25,15,11.0,15.0,4.1,0.6,287.0,2019-12-13 06:00,,0.2,13,31,2,121.760056,25.129167000000002,1
汐止,新北市,48,,良好,7.0,0.41,5.4,21.0,31,13,28.0,40.0,12.0,1.5,57.0,2019-12-13 06:00,,0.4,15,33,3,121.6423,25.067131,2
萬里,新北市,48,,良好,2.0,0.22,27,44.0,24,15,3.7,4.9,1.2,2.4,202.0,2019-12-13 06:00,,0.2,15,46,2,121.689881,25.179667000000002,3
新店,新北市,44,,良好,1.6,0.51,26,36.0,25,13,,,,0.4,198.0,2019-12-13 06:00,,0.3,14,29,2,121.537778,24.977222,4
土城,新北市,37,,良好,1.2,0.35,30,40.0,29,15,10.0,9.7,-0.3,0.8,354.0,2019-12-13 06:00,,0.3,12,32,1,121.45186100000001,24.982528,5
板橋,新北市,44,,良好,0.7,0.32,28,36.0,29,15,12.0,12.0,0.8,0.7,131.0,2019-12-13 06:00,,0.3,14,34,4,121.45866699999999,25.012972,6
新莊,新北市,52,細懸浮微粒,普通,2.5,0.34,26,37.0,46,17,25.0,40.0,15.0,0.7,150.0,2019-12-13 06:00,,0.3,16,42,2,121.4325,25.037972,7
菜寮,新北市,52,細懸浮微粒,普通,2.0,0.44,26,29.0,36,15,14.0,16.0,2.2,2.0,124.0,2019-12-13 06:00,,0.4,16,35,2,121.48102800000001,25.06895,8
林口,新北市,44,,良好,3.2,0.24,34,39.0,36,15,10.0,12.0,1.7,1.8,77.0,2019-12-13 06:00,,0.3,13,34,3,121.376869,25.077197,9
淡水,新北市,44,,良好,0.9,0.29,21,29.0,20,12,11.0,13.0,1.4,,,2019-12-13 06:00,,0.4,14,24,2,121.44923899999999,25.1645,10
士林,臺北市,41,,良好,1.0,0.21,45,44.0,30,9,3.4,4.2,0.8,1.8,132.0,2019-12-13 06:00,,0.2,10,32,3,121.51538899999998,25.105417000000003,11
中山,臺北市,43,,良好,1.8,0.33,30,31.0,35,12,13.0,13.0,0.7,1.3,135.0,2019-12-13 06:00,,0.4,13,34,2,121.526528,25.062361,12
萬華,臺北市,52,細懸浮微粒,普通,0.7,0.3,,36.0,39,16,10.0,11.0,1.0,1.3,119.0,2019-12-13 06:00,,0.3,16,36,1,121.507972,25.046503,13
古亭,臺北市,47,,良好,0.9,0.31,38,43.0,30,17,6.0,6.3,0.3,0.8,129.0,2019-12-13 06:00,,0.3,15,33,1,121.529556,25.020608,14
松山,臺北市,48,,良好,1.4,0.27,33,35.0,32,11,7.4,8.3,0.8,0.9,24.0,2019-12-13 06:00,,0.3,15,33,1,121.57861100000001,25.05,15
大同,臺北市,57,細懸浮微粒,普通,1.5,0.59,-,,38,14,23.0,26.0,3.4,,,2019-12-13 06:00,,0.7,18,42,3,121.51331100000002,25.0632,16
桃園,桃園市,45,,良好,5.6,0.43,25,37.0,33,18,13.0,16.0,2.2,0.5,194.0,2019-12-13 06:00,,0.3,14,34,4,121.304383,24.995368,17
大園,桃園市,46,,良好,3.4,0.29,30,34.0,37,16,19.0,21.0,2.3,2.3,61.0,2019-12-13 06:00,,0.3,14,38,5,121.201811,25.060344,18
觀音,桃園市,51,細懸浮微粒,普通,2.9,0.23,37,33.0,43,14,12.0,12.0,0.1,2.9,1.2,2019-12-13 06:00,,0.3,16,43,6,121.082761,25.035503,19
平鎮,桃園市,49,,良好,3.2,0.46,27,40.0,37,14,15.0,16.0,1.0,0.5,264.0,2019-12-13 06:00,,0.4,15,36,2,121.20398600000001,24.952786,20
龍潭,桃園市,50,,良好,2.8,0.42,13,39.0,26,19,24.0,29.0,5.2,0.4,75.0,2019-12-13 06:00,,0.3,15,29,3,121.21635,24.863869,21
湖口,新竹縣,52,細懸浮微粒,普通,2.0,0.31,15,37.0,32,13,17.0,17.0,0.6,0.9,111.0,2019-12-13 06:00,,0.3,16,32,3,121.038653,24.900142000000002,22
竹東,新竹縣,55,細懸浮微粒,普通,1.8,0.36,15,25.0,26,17,8.6,10.0,1.6,0.7,105.0,2019-12-13 06:00,,0.4,17,29,2,121.088903,24.740644,23
新竹,新竹市,53,細懸浮微粒,普通,2.3,0.37,7.5,29.0,24,22,20.0,22.0,1.6,1.7,98.0,2019-12-13 06:00,,0.4,16,29,2,120.972075,24.805619,24
頭份,苗栗縣,71,細懸浮微粒,普通,0.2,0.39,3.6,11.0,27,26,22.0,29.0,7.3,1.7,134.0,2019-12-13 06:00,,0.4,24,34,1,120.898572,24.696969,25
苗栗,苗栗縣,78,細懸浮微粒,普通,1.4,0.41,0.3,4.0,35,20,20.0,42.0,23.0,0.5,207.0,2019-12-13 06:00,,0.5,26,40,2,120.8202,24.565269,26
三義,苗栗縣,68,細懸浮微粒,普通,1.4,0.42,11,27.0,34,22,20.0,21.0,1.4,1.2,22.0,2019-12-13 06:00,,0.4,23,34,2,120.75883300000001,24.382942,27
豐原,臺中市,77,細懸浮微粒,普通,1.3,0.29,35,26.0,25,21,6.2,7.6,1.4,2.7,95.0,2019-12-13 06:00,,0.4,26,40,2,120.74171100000001,24.256586,28
沙鹿,臺中市,87,細懸浮微粒,普通,2.1,0.36,21,12.0,40,23,16.0,17.0,0.9,3.0,343.0,2019-12-13 06:00,,0.5,30,51,2,120.568794,24.225628,29
大里,臺中市,102,細懸浮微粒,對敏感族群不健康,2.9,0.62,3.2,2.0,53,32,20.0,28.0,8.4,1.0,245.0,2019-12-13 06:00,,0.7,36,60,3,120.67768899999999,24.099611,30
忠明,臺中市,108,細懸浮微粒,對敏感族群不健康,3.0,0.66,4.2,5.0,60,40,35.0,48.0,12.0,0.7,22.0,2019-12-13 06:00,,0.8,38,61,3,120.64109199999999,24.151958,31
西屯,臺中市,106,細懸浮微粒,對敏感族群不健康,2.7,0.55,8.8,7.0,61,36,27.0,30.0,2.4,1.1,87.0,2019-12-13 06:00,,0.7,38,66,2,120.61691699999999,24.162197,32
彰化,彰化縣,91,細懸浮微粒,普通,2.5,0.69,2.7,5.0,59,34,34.0,37.0,3.4,1.0,6.4,2019-12-13 06:00,,0.7,32,55,2,120.541519,24.066,33
線西,彰化縣,83,細懸浮微粒,普通,6.1,0.42,18,17.0,46,23,,,,1.9,26.0,2019-12-13 06:00,,0.5,28,57,4,120.46906100000001,24.131672000000002,34
二林,彰化縣,86,細懸浮微粒,普通,4.3,0.51,12,14.0,58,31,22.0,23.0,1.8,2.4,37.0,2019-12-13 06:00,,0.5,30,66,4,120.409653,23.925175,35
南投,南投縣,95,細懸浮微粒,普通,-0.2,0.4,3,4.0,46,30,12.0,17.0,5.2,0.9,216.0,2019-12-13 06:00,,0.5,33,55,2,120.68530600000001,23.913,36
斗六,雲林縣,115,細懸浮微粒,對敏感族群不健康,1.7,0.4,11,8.0,67,38,15.0,17.0,1.7,0.9,63.0,2019-12-13 06:00,,0.5,41,78,3,120.54499399999999,23.711853,37
崙背,雲林縣,89,細懸浮微粒,普通,3.0,0.54,10,15.0,64,31,23.0,25.0,2.2,1.7,42.0,2019-12-13 06:00,,0.6,31,64,3,120.34874199999999,23.757547,38
新港,嘉義縣,90,細懸浮微粒,普通,3.2,0.64,3.9,14.0,72,38,26.0,28.0,2.3,1.9,2.4,2019-12-13 06:00,,0.5,31,70,3,120.34553100000001,23.554839,39
朴子,嘉義縣,78,細懸浮微粒,普通,2.2,0.58,6.2,16.0,59,28,19.0,21.0,2.8,1.4,360.0,2019-12-13 06:00,,0.5,26,61,3,120.24781000000002,23.467123,40
臺西,雲林縣,63,細懸浮微粒,普通,2.4,0.31,29,38.0,46,22,8.6,10.0,1.7,5.7,20.0,2019-12-13 06:00,,0.3,20,43,2,120.20284199999999,23.717533,41
嘉義,嘉義市,110,細懸浮微粒,對敏感族群不健康,3.5,0.63,11,9.0,73,42,22.0,23.0,0.6,0.7,64.0,2019-12-13 06:00,,0.6,39,77,5,120.44083300000001,23.462778,42
新營,臺南市,92,細懸浮微粒,普通,2.9,0.58,2.3,13.0,72,37,31.0,37.0,6.6,1.5,29.0,2019-12-13 06:00,,0.5,32,66,3,120.31725,23.305633,43
善化,臺南市,98,細懸浮微粒,普通,4.2,0.57,7,14.0,74,40,24.0,26.0,1.6,3.2,12.0,2019-12-13 06:00,,0.5,35,72,3,120.297142,23.115097,44
安南,臺南市,92,細懸浮微粒,普通,3.4,0.56,5.9,16.0,62,34,29.0,30.0,1.4,1.7,15.0,2019-12-13 06:00,,0.5,32,65,2,120.2175,23.048197000000002,45
臺南,臺南市,92,細懸浮微粒,普通,3.7,0.52,10,18.0,56,34,24.0,26.0,1.2,1.0,18.0,2019-12-13 06:00,,0.5,32,64,3,120.20261699999999,22.984581,46
美濃,高雄市,75,細懸浮微粒,普通,0.9,0.31,4,11.0,34,26,9.4,13.0,3.5,0.5,39.0,2019-12-13 06:00,,0.3,25,40,1,120.530542,22.883582999999998,47
橋頭,高雄市,105,細懸浮微粒,對敏感族群不健康,3.5,0.57,4,13.0,69,37,21.0,23.0,1.7,1.3,0.8,2019-12-13 06:00,,0.5,37,73,4,120.30568899999999,22.757506,48
仁武,高雄市,107,細懸浮微粒,對敏感族群不健康,2.6,0.49,4.9,14.0,67,38,22.0,27.0,5.1,1.9,331.0,2019-12-13 06:00,,0.5,38,70,3,120.332631,22.689056,49
鳳山,高雄市,96,細懸浮微粒,普通,3.6,0.47,3.3,15.0,73,34,28.0,32.0,3.4,1.0,315.0,2019-12-13 06:00,,0.5,34,75,2,120.35808300000001,22.627392,50
大寮,高雄市,108,細懸浮微粒,對敏感族群不健康,3.7,0.44,3.9,19.0,64,36,26.0,30.0,3.8,2.1,310.0,2019-12-13 06:00,,0.4,38,70,5,120.425081,22.565747,51
林園,高雄市,103,細懸浮微粒,對敏感族群不健康,5.0,0.48,14,24.0,58,32,26.0,27.0,1.0,2.6,346.0,2019-12-13 06:00,,0.4,36,77,4,120.41175,22.4795,52
楠梓,高雄市,98,細懸浮微粒,普通,1.6,0.49,3.2,16.0,67,35,18.0,22.0,3.9,2.3,285.0,2019-12-13 06:00,,0.5,35,69,3,120.32828899999998,22.733667,53
左營,高雄市,99,細懸浮微粒,普通,3.4,0.58,7.8,19.0,79,39,21.0,21.0,0.4,1.7,296.0,2019-12-13 06:00,,0.5,35,76,3,120.29291699999999,22.674861,54
前金,高雄市,107,細懸浮微粒,對敏感族群不健康,2.4,0.65,6.8,21.0,88,42,22.0,24.0,1.8,1.9,329.0,2019-12-13 06:00,,0.5,38,80,3,120.288086,22.632567,56
前鎮,高雄市,102,細懸浮微粒,對敏感族群不健康,2.2,0.59,13,17.0,81,39,18.0,23.0,4.1,2.3,18.0,2019-12-13 06:00,,0.6,36,77,4,120.30756399999999,22.605386,57
小港,高雄市,102,細懸浮微粒,對敏感族群不健康,2.2,0.5,9.2,10.0,67,34,26.0,29.0,3.1,1.0,360.0,2019-12-13 06:00,,0.6,36,72,3,120.337736,22.565832999999998,58
屏東,屏東縣,85,細懸浮微粒,普通,1.5,0.3,24,27.0,41,27,9.8,9.9,0.1,0.8,330.0,2019-12-13 06:00,,0.4,29,61,3,120.488033,22.673081,59
潮州,屏東縣,83,細懸浮微粒,普通,1.4,0.34,10,14.0,37,26,9.9,9.9,0.0,0.5,72.0,2019-12-13 06:00,,0.4,28,43,2,120.561175,22.523107999999997,60
恆春,屏東縣,69,細懸浮微粒,普通,1.4,0.29,52,56.0,36,24,2.8,3.0,0.2,8.2,25.0,2019-12-13 06:00,,0.3,23,39,2,120.788928,21.958069000000002,61
臺東,臺東縣,73,細懸浮微粒,普通,1.3,0.32,36,43.0,31,21,2.5,2.7,0.2,2.6,319.0,2019-12-13 06:00,,0.4,25,41,2,121.15045,22.755357999999998,62
花蓮,花蓮縣,59,細懸浮微粒,普通,1.2,0.18,21,27.0,18,10,2.4,3.7,1.3,1.3,229.0,2019-12-13 06:00,,0.3,19,31,1,121.599769,23.971306,63
陽明,臺北市,39,,良好,0.8,0.17,41,42.0,15,7,0.8,1.2,0.4,,,2019-12-13 06:00,,0.2,9,16,2,121.529583,25.182722000000002,64
宜蘭,宜蘭縣,43,,良好,1.1,0.28,27,33.0,16,8,0.5,1.5,0.9,1.6,205.0,2019-12-13 06:00,,0.3,13,25,2,121.746394,24.747917,65
冬山,宜蘭縣,42,,良好,1.1,0.32,25,33.0,21,9,3.7,4.4,0.7,0.9,265.0,2019-12-13 06:00,,0.3,13,25,2,121.792928,24.632203,66
三重,新北市,57,細懸浮微粒,普通,3.0,0.73,-,,38,16,31.0,66.0,35.0,,,2019-12-13 06:00,,0.7,18,40,3,121.493806,25.072611,67
中壢,桃園市,46,,良好,3.1,1.07,,38.0,35,17,32.0,57.0,25.0,0.4,322.0,2019-12-13 06:00,,0.6,14,34,2,121.221667,24.953278,68
竹山,南投縣,102,細懸浮微粒,對敏感族群不健康,1.1,0.27,11,15.0,45,32,11.0,12.0,1.1,0.6,341.0,2019-12-13 06:00,,0.3,36,59,2,120.677306,23.756389000000002,69
永和,新北市,42,,良好,1.3,0.42,32,39.0,31,10,11.0,14.0,2.9,0.9,113.0,2019-12-13 06:00,,0.3,13,32,2,121.516306,25.017,70
復興,高雄市,109,細懸浮微粒,對敏感族群不健康,2.6,0.65,11,15.0,78,40,19.0,22.0,2.7,1.4,280.0,2019-12-13 06:00,,0.7,39,75,3,120.312017,22.608711,71
埔里,南投縣,88,細懸浮微粒,普通,1.6,0.35,7.3,15.0,33,26,12.0,14.0,1.6,1.1,317.0,2019-12-13 06:00,,0.4,30,44,2,120.967903,23.968842000000002,72
馬祖,連江縣,61,細懸浮微粒,普通,1.7,0.21,43,45.0,33,18,4.9,5.6,0.7,3.0,339.0,2019-12-13 06:00,,0.2,19,38,3,119.949875,26.160469,75
金門,金門縣,65,細懸浮微粒,普通,2.3,0.2,43,43.0,44,16,5.8,6.3,0.5,2.3,14.0,2019-12-13 06:00,,0.2,21,52,3,118.312256,24.432133,77
馬公,澎湖縣,45,,良好,1.3,0.16,44,49.0,38,13,1.9,2.6,0.7,5.1,21.0,2019-12-13 06:00,,0.2,14,40,2,119.566158,23.569031,78
關山,臺東縣,65,細懸浮微粒,普通,1.8,-,12,24.0,35,19,5.0,5.9,1.0,0.6,315.0,2019-12-13 06:00,,,21,34,2,121.161933,23.045082999999998,80
麥寮,雲林縣,76,細懸浮微粒,普通,2.0,0.48,16,20.0,64,28,19.0,20.0,1.1,3.3,4.1,2019-12-13 06:00,,0.5,26,65,2,120.251825,23.753505999999998,83
富貴角,新北市,44,,良好,0.4,0.16,44,47.0,46,11,2.0,2.1,0.1,3.8,79.0,2019-12-13 06:00,,0.2,13,47,1,121.536763,25.298562,84
臺南(麻豆),臺南市,87,細懸浮微粒,普通,5.7,0.26,6.1,16.0,70,34,29.0,35.0,6.0,1.1,36.0,2019-12-13 06:00,,0.2,30,68,3,,,201
彰化(大城),彰化縣,64,細懸浮微粒,普通,2.1,0.26,30,36.0,47,22,14.0,15.0,0.0,2.8,47.0,2019-12-13 06:00,,0.3,21,50,3,,,202
屏東(琉球),屏東縣,86,細懸浮微粒,普通,4.1,0.33,21,27.0,43,27,22.0,23.0,0.8,2.9,321.0,2019-12-13 06:00,,0.4,30,55,5,,,204
楠梓加工出口區,高雄市,115,細懸浮微粒,對敏感族群不健康,18.0,0.51,8.6,17.0,74,43,19.0,21.0,2.1,0.6,276.0,2019-12-13 06:00,,0.5,41,72,13,,,310
高雄(楠梓),高雄市,115,細懸浮微粒,對敏感族群不健康,18.0,0.51,8.6,17.0,74,43,19.0,21.0,2.1,0.6,276.0,2019-12-13 06:00,,0.5,41,72,13,,,310
基隆,基隆市,43,,良好,1.8,0.34,11,30.0,28,14,20.0,27.0,6.2,0.5,301.0,2019-12-13 07:00,,0.2,13,30,2,121.760056,25.129167000000002,1
汐止,新北市,47,,良好,3.7,0.49,4.3,19.0,34,16,31.0,54.0,23.0,1.3,49.0,2019-12-13 07:00,,0.4,15,33,3,121.6423,25.067131,2
萬里,新北市,46,,良好,2.1,0.32,20,40.0,25,14,11.0,13.0,2.9,1.8,200.0,2019-12-13 07:00,,0.2,14,40,2,121.689881,25.179667000000002,3
新店,新北市,42,,良好,1.6,0.46,20,34.0,21,11,,,,0.8,165.0,2019-12-13 07:00,,0.3,13,28,2,121.537778,24.977222,4
土城,新北市,37,,良好,2.0,0.61,11,36.0,29,11,28.0,41.0,13.0,1.3,274.0,2019-12-13 07:00,,0.3,11,32,1,121.45186100000001,24.982528,5
板橋,新北市,43,,良好,0.7,0.4,21,35.0,29,11,21.0,23.0,1.5,1.0,149.0,2019-12-13 07:00,,0.3,13,33,4,121.45866699999999,25.012972,6
復興,高雄市,113,細懸浮微粒,對敏感族群不健康,3.0,0.74,9,14.0,83,46,24.0,29.0,5.5,1.1,270.0,2019-12-13 07:00,,0.6,40,76,3,120.312017,22.608711,71
埔里,南投縣,85,細懸浮微粒,普通,1.5,0.43,5.9,14.0,35,29,15.0,18.0,3.8,1.0,297.0,2019-12-13 07:00,,0.4,29,42,2,120.967903,23.968842000000002,72
馬祖,連江縣,58,細懸浮微粒,普通,1.7,0.22,42,44.0,35,15,5.8,6.6,0.8,3.7,338.0,2019-12-13 07:00,,0.2,18,37,3,119.949875,26.160469,75
觀音,桃園市,49,,良好,4.1,0.26,32,33.0,39,16,15.0,16.0,0.6,2.9,1.1,2019-12-13 07:00,,0.3,15,42,5,121.082761,25.035503,19
平鎮,桃園市,50,,良好,3.1,0.71,2.5,35.0,36,15,40.0,81.0,40.0,0.4,277.0,2019-12-13 07:00,,0.4,15,36,2,121.20398600000001,24.952786,20
龍潭,桃園市,49,,良好,3.8,0.83,3.6,33.0,30,12,30.0,68.0,38.0,0.4,234.0,2019-12-13 07:00,,0.4,15,29,3,121.21635,24.863869,21
新莊,新北市,52,細懸浮微粒,普通,2.0,0.48,16,34.0,37,14,33.0,36.0,3.5,0.8,217.0,2019-12-13 07:00,,0.3,16,41,2,121.4325,25.037972,7
菜寮,新北市,52,細懸浮微粒,普通,2.2,0.75,14,28.0,35,14,28.0,35.0,7.6,2.0,149.0,2019-12-13 07:00,,0.4,16,35,2,121.48102800000001,25.06895,8
林口,新北市,43,,良好,2.3,0.27,30,38.0,35,11,14.0,16.0,1.9,0.9,346.0,2019-12-13 07:00,,0.3,13,35,3,121.376869,25.077197,9
淡水,新北市,47,,良好,1.1,0.45,11,27.0,27,20,20.0,25.0,4.4,,,2019-12-13 07:00,,0.3,14,25,2,121.44923899999999,25.1645,10
士林,臺北市,39,,良好,1.3,0.27,33,42.0,29,10,12.0,13.0,0.7,1.3,105.0,2019-12-13 07:00,,0.2,10,32,3,121.51538899999998,25.105417000000003,11
中山,臺北市,44,,良好,1.9,0.41,23,31.0,30,15,20.0,21.0,1.1,1.3,122.0,2019-12-13 07:00,,0.4,14,33,2,121.526528,25.062361,12
萬華,臺北市,51,細懸浮微粒,普通,0.5,0.41,21,35.0,37,14,23.0,26.0,3.0,1.0,167.0,2019-12-13 07:00,,0.3,16,37,1,121.507972,25.046503,13
古亭,臺北市,45,,良好,1.1,0.45,25,41.0,26,10,16.0,18.0,2.0,1.2,234.0,2019-12-13 07:00,,0.3,14,32,1,121.529556,25.020608,14
松山,臺北市,46,,良好,1.3,0.32,23,34.0,31,12,16.0,18.0,2.1,1.1,66.0,2019-12-13 07:00,,0.3,14,32,1,121.57861100000001,25.05,15
大同,臺北市,56,細懸浮微粒,普通,2.8,1.26,-,,43,15,42.0,104.0,62.0,,,2019-12-13 07:00,,0.7,17,42,3,121.51331100000002,25.0632,16
桃園,桃園市,50,,良好,2.7,0.58,12,33.0,38,21,27.0,29.0,2.3,0.5,259.0,2019-12-13 07:00,,0.4,15,35,4,121.304383,24.995368,17
大園,桃園市,49,,良好,4.7,0.41,14,32.0,45,17,38.0,53.0,14.0,0.9,26.0,2019-12-13 07:00,,0.3,15,39,5,121.201811,25.060344,18
湖口,新竹縣,50,,良好,2.4,0.43,16,34.0,35,15,23.0,26.0,3.1,2.8,90.0,2019-12-13 07:00,,0.3,15,32,3,121.038653,24.900142000000002,22
竹東,新竹縣,54,細懸浮微粒,普通,2.0,0.45,12,23.0,29,16,,,,1.0,116.0,2019-12-13 07:00,,0.4,17,29,2,121.088903,24.740644,23
新竹,新竹市,55,細懸浮微粒,普通,3.7,0.34,16,26.0,29,19,18.0,19.0,1.1,2.7,101.0,2019-12-13 07:00,,0.4,17,29,2,120.972075,24.805619,24
頭份,苗栗縣,70,細懸浮微粒,普通,-0.1,0.41,7.2,10.0,32,19,15.0,19.0,3.5,1.1,129.0,2019-12-13 07:00,,0.4,23,33,1,120.898572,24.696969,25
苗栗,苗栗縣,74,細懸浮微粒,普通,1.5,0.61,0.4,3.0,31,21,23.0,46.0,23.0,0.5,22.0,2019-12-13 07:00,,0.5,25,38,2,120.8202,24.565269,26
三義,苗栗縣,68,細懸浮微粒,普通,1.3,0.42,12,27.0,30,20,17.0,19.0,2.0,1.8,22.0,2019-12-13 07:00,,0.3,22,34,2,120.75883300000001,24.382942,27
豐原,臺中市,76,細懸浮微粒,普通,1.5,0.38,28,26.0,33,26,12.0,13.0,1.7,1.6,54.0,2019-12-13 07:00,,0.4,26,38,2,120.74171100000001,24.256586,28
沙鹿,臺中市,85,細懸浮微粒,普通,1.7,0.48,12,12.0,41,27,26.0,29.0,3.1,1.3,39.0,2019-12-13 07:00,,0.5,29,48,2,120.568794,24.225628,29
大里,臺中市,100,細懸浮微粒,普通,3.2,0.85,0.5,2.0,55,33,19.0,49.0,31.0,1.0,253.0,2019-12-13 07:00,,0.7,35,59,3,120.67768899999999,24.099611,30
忠明,臺中市,108,細懸浮微粒,對敏感族群不健康,2.7,0.71,4,5.0,56,38,35.0,55.0,20.0,0.4,289.0,2019-12-13 07:00,,0.7,38,61,3,120.64109199999999,24.151958,31
西屯,臺中市,104,細懸浮微粒,對敏感族群不健康,2.7,0.63,3.7,6.0,54,33,33.0,64.0,31.0,0.7,53.0,2019-12-13 07:00,,0.7,37,63,2,120.61691699999999,24.162197,32
彰化,彰化縣,92,細懸浮微粒,普通,2.7,0.78,2.8,3.0,60,33,33.0,42.0,9.1,1.0,5.7,2019-12-13 07:00,,0.7,32,56,2,120.541519,24.066,33
線西,彰化縣,78,細懸浮微粒,普通,5.2,0.57,22,16.0,40,17,20.0,20.0,0.1,3.4,43.0,2019-12-13 07:00,,0.5,26,54,4,120.46906100000001,24.131672000000002,34
二林,彰化縣,85,細懸浮微粒,普通,3.6,0.48,14,13.0,59,28,18.0,20.0,1.8,2.1,22.0,2019-12-13 07:00,,0.5,29,64,4,120.409653,23.925175,35
南投,南投縣,93,細懸浮微粒,普通,-0.1,0.51,3.3,4.0,48,31,13.0,20.0,7.0,1.2,153.0,2019-12-13 07:00,,0.5,33,52,2,120.68530600000001,23.913,36
斗六,雲林縣,111,細懸浮微粒,對敏感族群不健康,1.2,0.41,8,7.0,67,32,17.0,20.0,3.4,1.0,42.0,2019-12-13 07:00,,0.5,39,75,3,120.54499399999999,23.711853,37
崙背,雲林縣,88,細懸浮微粒,普通,3.0,0.5,15,13.0,52,24,18.0,20.0,1.8,1.2,50.0,2019-12-13 07:00,,0.6,30,63,3,120.34874199999999,23.757547,38
新港,嘉義縣,93,細懸浮微粒,普通,2.7,0.61,5.5,12.0,70,34,25.0,29.0,3.2,2.1,355.0,2019-12-13 07:00,,0.6,33,71,3,120.34553100000001,23.554839,39
朴子,嘉義縣,79,細懸浮微粒,普通,2.6,0.6,7.5,13.0,67,29,19.0,23.0,3.6,1.2,354.0,2019-12-13 07:00,,0.5,27,62,3,120.24781000000002,23.467123,40
臺西,雲林縣,62,細懸浮微粒,普通,2.6,0.27,34,38.0,41,16,6.1,8.3,2.2,5.9,17.0,2019-12-13 07:00,,0.3,20,43,2,120.20284199999999,23.717533,41
嘉義,嘉義市,111,細懸浮微粒,對敏感族群不健康,3.2,0.67,8.2,9.0,72,40,23.0,25.0,1.7,1.2,36.0,2019-12-13 07:00,,0.6,40,76,5,120.44083300000001,23.462778,42
新營,臺南市,94,細懸浮微粒,普通,3.7,0.63,2.3,10.0,69,37,29.0,41.0,11.0,2.7,18.0,2019-12-13 07:00,,0.5,33,67,3,120.31725,23.305633,43
善化,臺南市,100,細懸浮微粒,普通,4.7,0.57,8.3,11.0,71,37,23.0,24.0,1.4,2.8,5.1,2019-12-13 07:00,,0.5,35,72,3,120.297142,23.115097,44
安南,臺南市,92,細懸浮微粒,普通,4.0,0.65,7.8,13.0,69,34,30.0,34.0,3.9,2.4,357.0,2019-12-13 07:00,,0.5,32,65,2,120.2175,23.048197000000002,45
臺南,臺南市,92,細懸浮微粒,普通,3.9,0.59,9,15.0,62,31,29.0,30.0,1.8,1.4,8.8,2019-12-13 07:00,,0.5,32,63,3,120.20261699999999,22.984581,46
美濃,高雄市,75,細懸浮微粒,普通,1.1,0.4,1.7,9.0,37,25,9.8,17.0,7.4,0.4,48.0,2019-12-13 07:00,,0.3,25,39,1,120.530542,22.883582999999998,47
橋頭,高雄市,107,細懸浮微粒,對敏感族群不健康,3.4,0.69,2.7,10.0,76,42,24.0,33.0,8.3,2.1,2.0,2019-12-13 07:00,,0.5,38,74,4,120.30568899999999,22.757506,48
仁武,高雄市,107,細懸浮微粒,對敏感族群不健康,2.9,0.64,3.7,12.0,77,38,24.0,37.0,13.0,2.7,338.0,2019-12-13 07:00,,0.5,38,71,3,120.332631,22.689056,49
鳳山,高雄市,98,細懸浮微粒,普通,4.1,0.56,3,12.0,73,37,29.0,35.0,6.4,1.1,335.0,2019-12-13 07:00,,0.5,35,75,3,120.35808300000001,22.627392,50
大寮,高雄市,106,細懸浮微粒,對敏感族群不健康,3.7,0.47,8.2,16.0,63,39,22.0,27.0,4.1,1.6,319.0,2019-12-13 07:00,,0.4,37,67,5,120.425081,22.565747,51
林園,高雄市,103,細懸浮微粒,對敏感族群不健康,3.6,0.5,16,22.0,73,35,26.0,28.0,1.6,2.8,340.0,2019-12-13 07:00,,0.4,36,75,4,120.41175,22.4795,52
楠梓,高雄市,102,細懸浮微粒,對敏感族群不健康,2.1,0.63,2.9,13.0,81,41,22.0,32.0,9.1,1.7,310.0,2019-12-13 07:00,,0.5,36,72,3,120.32828899999998,22.733667,53
左營,高雄市,106,細懸浮微粒,對敏感族群不健康,3.4,0.7,5.1,16.0,81,45,27.0,30.0,3.5,2.9,339.0,2019-12-13 07:00,,0.5,38,77,3,120.29291699999999,22.674861,54
前金,高雄市,108,細懸浮微粒,對敏感族群不健康,2.4,0.71,6.9,18.0,85,39,24.0,27.0,3.7,2.4,342.0,2019-12-13 07:00,,0.6,38,81,3,120.288086,22.632567,56
前鎮,高雄市,108,細懸浮微粒,對敏感族群不健康,2.6,0.72,10,16.0,82,44,23.0,30.0,7.1,2.1,14.0,2019-12-13 07:00,,0.6,38,79,4,120.30756399999999,22.605386,57
小港,高雄市,105,細懸浮微粒,對敏感族群不健康,2.0,0.64,8.6,10.0,84,39,26.0,31.0,4.4,1.3,360.0,2019-12-13 07:00,,0.6,37,75,3,120.337736,22.565832999999998,58
屏東,屏東縣,83,細懸浮微粒,普通,1.4,0.35,22,25.0,43,27,11.0,12.0,0.7,1.8,360.0,2019-12-13 07:00,,0.4,29,57,3,120.488033,22.673081,59
潮州,屏東縣,83,細懸浮微粒,普通,1.2,0.38,6.9,12.0,43,28,11.0,11.0,0.8,0.5,59.0,2019-12-13 07:00,,0.4,28,42,2,120.561175,22.523107999999997,60
恆春,屏東縣,68,細懸浮微粒,普通,1.5,0.29,52,55.0,37,20,2.6,2.9,0.3,7.8,25.0,2019-12-13 07:00,,0.3,23,38,2,120.788928,21.958069000000002,61
臺東,臺東縣,70,細懸浮微粒,普通,1.3,0.32,32,42.0,28,19,3.4,3.9,0.5,2.3,319.0,2019-12-13 07:00,,0.3,23,38,2,121.15045,22.755357999999998,62
花蓮,花蓮縣,53,細懸浮微粒,普通,1.3,0.2,22,26.0,20,9,2.9,4.9,2.0,0.8,233.0,2019-12-13 07:00,,0.3,16,28,1,121.599769,23.971306,63
陽明,臺北市,38,,良好,1.2,0.17,40,41.0,11,7,1.0,1.2,0.1,,,2019-12-13 07:00,,0.2,8,15,2,121.529583,25.182722000000002,64
宜蘭,宜蘭縣,38,,良好,1.1,0.3,25,31.0,11,8,1.4,2.3,0.9,1.2,194.0,2019-12-13 07:00,,0.3,12,22,2,121.746394,24.747917,65
冬山,宜蘭縣,38,,良好,1.0,0.33,21,30.0,16,8,4.6,5.1,0.5,1.6,272.0,2019-12-13 07:00,,0.3,12,23,2,121.792928,24.632203,66
三重,新北市,55,細懸浮微粒,普通,4.3,1.53,-,,44,15,41.0,136.0,96.0,,,2019-12-13 07:00,,0.7,17,41,3,121.493806,25.072611,67
中壢,桃園市,49,,良好,3.7,1.66,1.2,34.0,37,21,41.0,125.0,84.0,0.4,316.0,2019-12-13 07:00,,0.7,15,34,2,121.221667,24.953278,68
竹山,南投縣,97,細懸浮微粒,普通,1.5,0.28,8.6,14.0,42,26,14.0,17.0,3.1,0.8,137.0,2019-12-13 07:00,,0.3,34,55,2,120.677306,23.756389000000002,69
永和,新北市,42,,良好,1.8,1.06,17,37.0,31,11,23.0,45.0,22.0,0.8,166.0,2019-12-13 07:00,,0.4,13,32,2,121.516306,25.017,70
金門,金門縣,65,細懸浮微粒,普通,2.8,0.22,38,42.0,48,19,8.0,8.5,0.5,2.2,27.0,2019-12-13 07:00,,0.2,21,50,3,118.312256,24.432133,77
馬公,澎湖縣,47,,良好,1.3,0.18,43,47.0,41,16,2.6,3.4,0.8,5.5,21.0,2019-12-13 07:00,,0.2,14,40,2,119.566158,23.569031,78
關山,臺東縣,65,細懸浮微粒,普通,1.9,-,7.9,20.0,31,19,9.0,10.0,1.5,0.6,34.0,2019-12-13 07:00,,,21,33,2,121.161933,23.045082999999998,80
麥寮,雲林縣,75,細懸浮微粒,普通,2.1,0.46,17,19.0,59,22,18.0,20.0,2.2,3.2,8.5,2019-12-13 07:00,,0.5,25,64,2,120.251825,23.753505999999998,83
富貴角,新北市,44,,良好,0.1,0.16,45,46.0,44,13,1.6,1.6,0.1,3.3,86.0,2019-12-13 07:00,,0.2,13,47,1,121.536763,25.298562,84
臺南(麻豆),臺南市,89,細懸浮微粒,普通,5.5,0.29,5.4,12.0,74,33,27.0,31.0,4.2,1.5,21.0,2019-12-13 07:00,,0.2,31,69,3,,,201
彰化(大城),彰化縣,66,細懸浮微粒,普通,2.1,0.22,30,34.0,50,21,13.0,13.0,0.0,3.2,40.0,2019-12-13 07:00,,0.3,22,51,3,,,202
屏東(琉球),屏東縣,90,細懸浮微粒,普通,7.3,0.58,17,24.0,68,40,30.0,32.0,2.1,2.8,324.0,2019-12-13 07:00,,0.4,31,57,5,,,204
楠梓加工出口區,高雄市,118,細懸浮微粒,對敏感族群不健康,21.0,0.64,6.4,14.0,78,48,24.0,31.0,6.9,1.3,55.0,2019-12-13 07:00,,0.5,42,74,14,,,310
高雄(楠梓),高雄市,118,細懸浮微粒,對敏感族群不健康,21.0,0.64,6.4,14.0,78,48,24.0,31.0,6.9,1.3,55.0,2019-12-13 07:00,,0.5,42,74,14,,,310
桃園(觀音工業區),桃園市,53,細懸浮微粒,普通,1.6,0.18,15,28.0,54,18,32.0,47.0,15.0,1.4,65.0,2019-12-13 07:00,,0.2,16,48,2,,,312
高雄(左營),高雄市,109,細懸浮微粒,對敏感族群不健康,1.0,0.51,11,18.0,71,42,16.0,17.0,1.3,2.0,167.0,2019-12-13 07:00,,0.4,39,71,1,,,313
大同,臺北市,60,細懸浮微粒,普通,4.1,3.14,-,,60,32,49.0,180.0,131.0,,,2019-12-13 08:00,,1.0,19,45,3,121.51331100000002,25.0632,16
新莊,新北市,53,細懸浮微粒,普通,2.4,0.76,10,31.0,41,19,,,,0.7,169.0,2019-12-13 08:00,,0.4,16,41,2,121.4325,25.037972,7
菜寮,新北市,53,細懸浮微粒,普通,2.1,1.42,5.2,25.0,40,19,36.0,66.0,30.0,1.3,186.0,2019-12-13 08:00,,0.5,16,36,2,121.48102800000001,25.06895,8
林口,新北市,42,,良好,2.5,0.36,25,37.0,34,13,18.0,25.0,6.7,0.7,66.0,2019-12-13 08:00,,0.3,13,34,3,121.376869,25.077197,9
淡水,新北市,49,,良好,1.5,0.62,6.5,25.0,27,16,24.0,38.0,14.0,,,2019-12-13 08:00,,0.4,15,25,2,121.44923899999999,25.1645,10
士林,臺北市,36,,良好,1.8,0.66,12,39.0,35,14,30.0,39.0,8.6,1.5,295.0,2019-12-13 08:00,,0.3,11,32,3,121.51538899999998,25.105417000000003,11
中山,臺北市,44,,良好,2.3,0.83,12,29.0,38,13,34.0,54.0,20.0,1.8,129.0,2019-12-13 08:00,,0.4,14,34,2,121.526528,25.062361,12
萬華,臺北市,53,細懸浮微粒,普通,1.0,0.88,6,32.0,33,18,37.0,62.0,26.0,1.2,151.0,2019-12-13 08:00,,0.4,16,36,1,121.507972,25.046503,13
古亭,臺北市,48,,良好,1.4,0.78,9.5,37.0,32,19,27.0,37.0,10.0,0.8,182.0,2019-12-13 08:00,,0.4,15,32,1,121.529556,25.020608,14
松山,臺北市,46,,良好,2.3,0.63,8.4,30.0,38,18,32.0,56.0,23.0,1.0,59.0,2019-12-13 08:00,,0.3,14,33,1,121.57861100000001,25.05,15
桃園,桃園市,55,細懸浮微粒,普通,3.7,1.08,8.5,29.0,37,21,35.0,47.0,12.0,0.6,67.0,2019-12-13 08:00,,0.5,17,36,4,121.304383,24.995368,17
大園,桃園市,51,細懸浮微粒,普通,5.2,0.41,17,30.0,43,18,34.0,48.0,14.0,3.0,77.0,2019-12-13 08:00,,0.3,16,40,5,121.201811,25.060344,18
觀音,桃園市,51,細懸浮微粒,普通,7.2,0.54,26,33.0,45,17,22.0,24.0,2.4,3.8,1.2,2019-12-13 08:00,,0.3,16,42,5,121.082761,25.035503,19
平鎮,桃園市,54,細懸浮微粒,普通,4.6,1.43,5.6,30.0,50,25,43.0,102.0,58.0,1.8,82.0,2019-12-13 08:00,,0.5,17,39,2,121.20398600000001,24.952786,20
龍潭,桃園市,51,細懸浮微粒,普通,4.7,0.93,7,28.0,24,19,25.0,64.0,38.0,1.3,119.0,2019-12-13 08:00,,0.5,16,28,3,121.21635,24.863869,21
湖口,新竹縣,52,細懸浮微粒,普通,3.4,0.52,22,31.0,36,20,23.0,26.0,3.7,2.1,81.0,2019-12-13 08:00,,0.3,16,32,3,121.038653,24.900142000000002,22
竹東,新竹縣,54,細懸浮微粒,普通,2.8,0.61,13,21.0,29,16,,,,1.6,147.0,2019-12-13 08:00,,0.4,17,29,2,121.088903,24.740644,23
新竹,新竹市,54,細懸浮微粒,普通,2.7,0.42,19,24.0,32,13,19.0,22.0,2.9,1.8,88.0,2019-12-13 08:00,,0.4,17,29,2,120.972075,24.805619,24
頭份,苗栗縣,69,細懸浮微粒,普通,0.2,0.75,8.6,9.0,36,24,21.0,31.0,11.0,0.7,201.0,2019-12-13 08:00,,0.4,23,33,1,120.898572,24.696969,25
苗栗,苗栗縣,73,細懸浮微粒,普通,1.9,0.81,1.8,3.0,39,23,21.0,47.0,26.0,0.6,217.0,2019-12-13 08:00,,0.5,24,38,2,120.8202,24.565269,26
三義,苗栗縣,69,細懸浮微粒,普通,1.6,0.45,17,25.0,42,22,18.0,22.0,4.4,2.4,21.0,2019-12-13 08:00,,0.4,23,35,2,120.75883300000001,24.382942,27
豐原,臺中市,75,細懸浮微粒,普通,1.7,0.67,17,25.0,39,24,22.0,30.0,8.4,0.8,19.0,2019-12-13 08:00,,0.4,25,38,2,120.74171100000001,24.256586,28
沙鹿,臺中市,82,細懸浮微粒,普通,2.0,0.78,7.3,11.0,50,30,35.0,54.0,20.0,1.5,317.0,2019-12-13 08:00,,0.5,28,47,2,120.568794,24.225628,29
大里,臺中市,103,細懸浮微粒,對敏感族群不健康,5.2,1.25,1.9,2.0,63,44,24.0,62.0,38.0,0.6,266.0,2019-12-13 08:00,,0.8,36,59,3,120.67768899999999,24.099611,30
忠明,臺中市,105,細懸浮微粒,對敏感族群不健康,2.7,0.86,6.4,6.0,50,33,34.0,63.0,29.0,0.6,115.0,2019-12-13 08:00,,0.7,37,59,3,120.64109199999999,24.151958,31
西屯,臺中市,103,細懸浮微粒,對敏感族群不健康,2.8,0.87,6.6,5.0,61,37,34.0,69.0,35.0,1.6,58.0,2019-12-13 08:00,,0.7,36,62,2,120.61691699999999,24.162197,32
彰化,彰化縣,93,細懸浮微粒,普通,3.0,1.02,5.5,3.0,56,36,31.0,49.0,18.0,1.0,340.0,2019-12-13 08:00,,0.8,33,55,2,120.541519,24.066,33
線西,彰化縣,72,細懸浮微粒,普通,4.3,0.49,13,15.0,48,19,27.0,35.0,7.8,2.0,39.0,2019-12-13 08:00,,0.5,24,51,4,120.46906100000001,24.131672000000002,34
二林,彰化縣,82,細懸浮微粒,普通,4.4,0.58,16,12.0,52,22,19.0,23.0,4.2,1.8,19.0,2019-12-13 08:00,,0.5,28,61,4,120.409653,23.925175,35
南投,南投縣,92,細懸浮微粒,普通,0.4,0.66,5.4,4.0,45,31,13.0,25.0,12.0,1.5,165.0,2019-12-13 08:00,,0.5,32,51,2,120.68530600000001,23.913,36
斗六,雲林縣,107,細懸浮微粒,對敏感族群不健康,1.8,0.56,7.9,6.0,68,36,19.0,30.0,11.0,1.0,34.0,2019-12-13 08:00,,0.5,38,73,3,120.54499399999999,23.711853,37
崙背,雲林縣,87,細懸浮微粒,普通,3.3,0.56,15,13.0,65,27,19.0,25.0,6.4,1.1,20.0,2019-12-13 08:00,,0.6,30,63,3,120.34874199999999,23.757547,38
新港,嘉義縣,94,細懸浮微粒,普通,2.5,0.68,8.9,10.0,66,34,23.0,32.0,8.5,1.7,17.0,2019-12-13 08:00,,0.6,33,70,3,120.34553100000001,23.554839,39
朴子,嘉義縣,78,細懸浮微粒,普通,2.8,0.57,15,12.0,65,25,16.0,21.0,5.7,1.9,4.5,2019-12-13 08:00,,0.5,26,61,3,120.24781000000002,23.467123,40
臺西,雲林縣,61,細懸浮微粒,普通,2.4,0.26,35,37.0,41,19,7.2,9.6,2.5,6.2,19.0,2019-12-13 08:00,,0.3,20,43,2,120.20284199999999,23.717533,41
嘉義,嘉義市,113,細懸浮微粒,對敏感族群不健康,3.9,0.91,5.8,8.0,79,44,27.0,43.0,16.0,1.2,5.9,2019-12-13 08:00,,0.7,40,76,5,120.44083300000001,23.462778,42
新營,臺南市,97,細懸浮微粒,普通,3.1,0.7,4.2,8.0,68,39,30.0,55.0,25.0,2.5,25.0,2019-12-13 08:00,,0.6,34,67,3,120.31725,23.305633,43
善化,臺南市,103,細懸浮微粒,對敏感族群不健康,4.5,0.62,12,10.0,74,41,22.0,27.0,5.1,3.4,358.0,2019-12-13 08:00,,0.5,36,72,4,120.297142,23.115097,44
安南,臺南市,95,細懸浮微粒,普通,4.0,0.75,10,11.0,67,38,29.0,40.0,11.0,2.6,2.6,2019-12-13 08:00,,0.6,33,65,2,120.2175,23.048197000000002,45
臺南,臺南市,94,細懸浮微粒,普通,3.9,0.76,10,13.0,66,37,28.0,36.0,8.2,2.6,9.2,2019-12-13 08:00,,0.6,33,63,3,120.20261699999999,22.984581,46
美濃,高雄市,74,細懸浮微粒,普通,1.9,0.43,4.7,8.0,48,24,10.0,21.0,11.0,0.4,67.0,2019-12-13 08:00,,0.3,25,40,1,120.530542,22.883582999999998,47
橋頭,高雄市,113,細懸浮微粒,對敏感族群不健康,4.2,0.79,6.3,8.0,85,49,23.0,37.0,14.0,2.5,14.0,2019-12-13 08:00,,0.6,40,75,4,120.30568899999999,22.757506,48
仁武,高雄市,111,細懸浮微粒,對敏感族群不健康,3.5,0.84,5.3,10.0,87,47,26.0,51.0,25.0,2.5,330.0,2019-12-13 08:00,,0.5,39,74,3,120.332631,22.689056,49
鳳山,高雄市,101,細懸浮微粒,對敏感族群不健康,3.8,0.75,9.3,11.0,86,42,28.0,39.0,11.0,1.3,345.0,2019-12-13 08:00,,0.5,36,76,3,120.35808300000001,22.627392,50
大寮,高雄市,110,細懸浮微粒,對敏感族群不健康,4.1,0.66,7.2,14.0,76,46,26.0,40.0,14.0,2.4,317.0,2019-12-13 08:00,,0.5,39,69,5,120.425081,22.565747,51
林園,高雄市,106,細懸浮微粒,對敏感族群不健康,4.5,0.67,14,20.0,85,42,31.0,37.0,6.1,2.5,355.0,2019-12-13 08:00,,0.5,38,77,4,120.41175,22.4795,52
楠梓,高雄市,106,細懸浮微粒,對敏感族群不健康,2.5,0.77,5.7,12.0,84,43,21.0,40.0,19.0,2.5,319.0,2019-12-13 08:00,,0.5,37,74,3,120.32828899999998,22.733667,53
左營,高雄市,109,細懸浮微粒,對敏感族群不健康,3.3,0.75,11,14.0,79,42,21.0,26.0,5.2,2.3,358.0,2019-12-13 08:00,,0.6,39,78,3,120.29291699999999,22.674861,54
前金,高雄市,112,細懸浮微粒,對敏感族群不健康,2.2,0.8,12,16.0,85,46,21.0,29.0,8.1,2.2,344.0,2019-12-13 08:00,,0.6,40,83,3,120.288086,22.632567,56
前鎮,高雄市,112,細懸浮微粒,對敏感族群不健康,2.9,1.08,9.8,14.0,89,45,29.0,47.0,19.0,2.5,6.2,2019-12-13 08:00,,0.7,40,81,4,120.30756399999999,22.605386,57
小港,高雄市,109,細懸浮微粒,對敏感族群不健康,4.0,0.89,7,10.0,93,45,34.0,55.0,20.0,1.7,8.0,2019-12-13 08:00,,0.6,39,79,3,120.337736,22.565832999999998,58
屏東,屏東縣,82,細懸浮微粒,普通,1.6,0.53,18,24.0,56,23,18.0,21.0,3.1,1.4,343.0,2019-12-13 08:00,,0.4,28,56,3,120.488033,22.673081,59
潮州,屏東縣,85,細懸浮微粒,普通,1.4,0.42,8.8,10.0,51,38,9.7,13.0,2.9,0.8,63.0,2019-12-13 08:00,,0.4,29,43,2,120.561175,22.523107999999997,60
恆春,屏東縣,67,細懸浮微粒,普通,1.3,0.3,51,54.0,31,19,2.7,3.0,0.3,6.6,21.0,2019-12-13 08:00,,0.3,22,37,2,120.788928,21.958069000000002,61
臺東,臺東縣,67,細懸浮微粒,普通,1.3,0.38,26,39.0,25,17,5.8,7.3,1.5,2.7,322.0,2019-12-13 08:00,,0.3,22,35,2,121.15045,22.755357999999998,62
花蓮,花蓮縣,50,,良好,1.4,0.33,19,24.0,16,14,7.2,10.0,3.0,1.1,224.0,2019-12-13 08:00,,0.2,15,25,1,121.599769,23.971306,63
陽明,臺北市,38,,良好,1.1,0.17,40,41.0,11,7,1.0,1.1,0.1,,,2019-12-13 08:00,,0.2,8,14,2,121.529583,25.182722000000002,64
宜蘭,宜蘭縣,37,,良好,1.2,0.37,20,30.0,18,10,5.7,7.5,1.8,0.7,210.0,2019-12-13 08:00,,0.3,11,20,2,121.746394,24.747917,65
冬山,宜蘭縣,36,,良好,1.2,0.46,17,27.0,20,13,8.7,11.0,2.8,1.0,274.0,2019-12-13 08:00,,0.3,11,22,2,121.792928,24.632203,66
三重,新北市,56,細懸浮微粒,普通,3.8,1.89,-,,49,21,43.0,118.0,75.0,,,2019-12-13 08:00,,0.9,18,42,3,121.493806,25.072611,67
中壢,桃園市,52,細懸浮微粒,普通,4.4,1.58,2.5,29.0,48,18,45.0,127.0,81.0,0.9,20.0,2019-12-13 08:00,,0.8,16,36,2,121.221667,24.953278,68
竹山,南投縣,92,細懸浮微粒,普通,1.8,0.41,7.5,13.0,45,25,16.0,24.0,8.3,0.5,254.0,2019-12-13 08:00,,0.3,32,52,2,120.677306,23.756389000000002,69
永和,新北市,43,,良好,2.4,2.09,5.2,33.0,33,16,33.0,95.0,62.0,1.4,152.0,2019-12-13 08:00,,0.6,13,32,2,121.516306,25.017,70
復興,高雄市,117,細懸浮微粒,對敏感族群不健康,3.9,1.47,6.7,12.0,90,48,31.0,55.0,24.0,1.0,135.0,2019-12-13 08:00,,0.7,42,79,3,120.312017,22.608711,71
埔里,南投縣,84,細懸浮微粒,普通,3.4,0.63,5.6,12.0,43,26,17.0,31.0,14.0,0.7,190.0,2019-12-13 08:00,,0.4,29,41,2,120.967903,23.968842000000002,72
馬祖,連江縣,58,細懸浮微粒,普通,1.7,0.24,41,43.0,38,20,6.9,7.8,0.9,4.1,336.0,2019-12-13 08:00,,0.2,18,37,3,119.949875,26.160469,75
金門,金門縣,65,細懸浮微粒,普通,4.8,0.3,34,41.0,62,22,14.0,15.0,1.2,2.6,14.0,2019-12-13 08:00,,0.2,21,52,3,118.312256,24.432133,77
馬公,澎湖縣,46,,良好,1.3,0.2,41,46.0,45,17,3.5,4.4,0.9,5.0,22.0,2019-12-13 08:00,,0.2,14,41,2,119.566158,23.569031,78
關山,臺東縣,62,細懸浮微粒,普通,1.9,-,11,17.0,28,17,8.8,12.0,3.5,1.3,33.0,2019-12-13 08:00,,,20,33,2,121.161933,23.045082999999998,80
麥寮,雲林縣,74,細懸浮微粒,普通,2.2,0.39,26,18.0,52,19,14.0,17.0,3.1,4.0,11.0,2019-12-13 08:00,,0.5,25,62,2,120.251825,23.753505999999998,83
富貴角,新北市,44,,良好,0.1,0.15,44,46.0,49,9,1.4,1.4,0.1,2.2,98.0,2019-12-13 08:00,,0.2,13,47,1,121.536763,25.298562,84
臺南(麻豆),臺南市,95,細懸浮微粒,普通,5.8,0.45,7.6,10.0,72,43,28.0,45.0,18.0,1.9,96.0,2019-12-13 08:00,,0.2,34,70,3,,,201
彰化(大城),彰化縣,66,細懸浮微粒,普通,2.3,0.19,40,34.0,41,18,8.4,8.5,0.1,4.1,48.0,2019-12-13 08:00,,0.3,22,50,3,,,202
屏東(琉球),屏東縣,99,細懸浮微粒,普通,12.0,0.88,19,23.0,85,50,32.0,38.0,6.0,3.5,329.0,2019-12-13 08:00,,0.4,35,62,5,,,204
楠梓加工出口區,高雄市,121,細懸浮微粒,對敏感族群不健康,22.0,0.72,11,13.0,72,50,22.0,30.0,7.7,1.1,61.0,2019-12-13 08:00,,0.5,43,73,15,,,310
高雄(楠梓),高雄市,121,細懸浮微粒,對敏感族群不健康,22.0,0.72,11,13.0,72,50,22.0,30.0,7.7,1.1,61.0,2019-12-13 08:00,,0.5,43,73,15,,,310
桃園(觀音工業區),桃園市,57,細懸浮微粒,普通,2.9,0.21,13,26.0,66,27,34.0,52.0,18.0,2.1,71.0,2019-12-13 08:00,,0.2,18,50,2,,,312
高雄(左營),高雄市,112,細懸浮微粒,對敏感族群不健康,0.9,0.75,8.4,16.0,76,45,19.0,25.0,6.8,2.0,76.0,2019-12-13 08:00,,0.5,40,72,1,,,313
桃園(觀音工業區),桃園市,64,細懸浮微粒,普通,2.7,0.18,18,25.0,54,29,30.0,47.0,18.0,2.9,40.0,2019-12-13 09:00,,0.2,21,51,2,,,312
高雄(左營),高雄市,117,細懸浮微粒,對敏感族群不健康,1.2,0.65,14,15.0,89,50,22.0,31.0,8.8,2.1,76.0,2019-12-13 09:00,,0.5,42,75,1,,,313
基隆,基隆市,40,,良好,2.3,0.46,21,18.0,33.0,12.0,18.0,26.0,7.2,0.8,99.0,2019-12-13 10:00,,0.4,12,33,2.0,121.760056,25.129167000000002,1
汐止,新北市,54,細懸浮微粒,普通,8.5,0.58,12,12.0,42.0,18.0,32.0,79.0,46.0,2.1,19.0,2019-12-13 10:00,,0.5,17,37,4.0,121.6423,25.067131,2
萬里,新北市,44,,良好,2.7,0.31,31,29.0,33.0,15.0,11.0,15.0,3.8,0.9,14.0,2019-12-13 10:00,,0.3,14,33,2.0,121.689881,25.179667000000002,3
新店,新北市,41,,良好,2.4,0.69,16,25.0,33.0,15.0,,,,2.1,68.0,2019-12-13 10:00,,0.5,13,26,2.0,121.537778,24.977222,4
土城,新北市,40,,良好,2.2,0.42,31,25.0,39.0,9.0,14.0,19.0,4.4,1.3,356.0,2019-12-13 10:00,,0.6,12,35,2.0,121.45186100000001,24.982528,5
板橋,新北市,45,,良好,-0.1,0.6,23,26.0,35.0,13.0,27.0,38.0,12.0,3.0,81.0,2019-12-13 10:00,,0.5,14,34,4.0,121.45866699999999,25.012972,6
新莊,新北市,52,細懸浮微粒,普通,2.3,0.57,28,26.0,45.0,16.0,29.0,40.0,11.0,3.7,70.0,2019-12-13 10:00,,0.5,16,42,2.0,121.4325,25.037972,7
菜寮,新北市,53,細懸浮微粒,普通,2.0,0.59,27,21.0,35.0,17.0,20.0,31.0,11.0,3.6,89.0,2019-12-13 10:00,,0.7,17,35,2.0,121.48102800000001,25.06895,8
林口,新北市,46,,良好,2.7,0.57,25,31.0,40.0,18.0,26.0,41.0,15.0,3.3,100.0,2019-12-13 10:00,,0.3,14,36,3.0,121.376869,25.077197,9
富貴角,新北市,48,,良好,0.1,0.15,40,45.0,83,16,1.8,1.9,0.1,2.8,93.0,2019-12-13 09:00,,0.2,13,52,1,121.536763,25.298562,84
臺南(麻豆),臺南市,98,細懸浮微粒,普通,6.0,0.25,17,11.0,69,37,23.0,32.0,9.7,2.0,92.0,2019-12-13 09:00,,0.3,35,70,3,,,201
彰化(大城),彰化縣,63,細懸浮微粒,普通,2.8,0.18,42,37.0,44,16,8.2,8.8,0.6,4.5,52.0,2019-12-13 09:00,,0.2,20,49,3,,,202
屏東(琉球),屏東縣,107,細懸浮微粒,對敏感族群不健康,11.0,0.85,27,23.0,81,44,28.0,36.0,7.4,3.0,332.0,2019-12-13 09:00,,0.5,38,68,5,,,204
楠梓加工出口區,高雄市,126,細懸浮微粒,對敏感族群不健康,23.0,0.69,17,13.0,78,52,23.0,32.0,9.4,1.5,60.0,2019-12-13 09:00,,0.6,45,74,16,,,310
高雄(楠梓),高雄市,126,細懸浮微粒,對敏感族群不健康,23.0,0.69,17,13.0,78,52,23.0,32.0,9.4,1.5,60.0,2019-12-13 09:00,,0.6,45,74,16,,,310
中山,臺北市,43,,良好,2.6,0.78,16,26.0,34,12,33.0,49.0,16.0,2.3,125.0,2019-12-13 09:00,,0.5,13,34,2,121.526528,25.062361,12
萬華,臺北市,51,細懸浮微粒,普通,1.6,1.14,8.4,27.0,41,16,37.0,70.0,33.0,1.3,93.0,2019-12-13 09:00,,0.5,16,37,1,121.507972,25.046503,13
古亭,臺北市,50,,良好,2.0,1.02,8.7,32.0,33,19,31.0,55.0,24.0,0.7,152.0,2019-12-13 09:00,,0.5,15,31,1,121.529556,25.020608,14
松山,臺北市,49,,良好,3.3,0.78,8.3,27.0,42,20,36.0,63.0,26.0,1.4,47.0,2019-12-13 09:00,,0.4,15,34,1,121.57861100000001,25.05,15
大同,臺北市,62,細懸浮微粒,普通,3.8,2.64,-,,48,21,52.0,161.0,109.0,,,2019-12-13 09:00,,1.2,20,46,3,121.51331100000002,25.0632,16
桃園,桃園市,57,細懸浮微粒,普通,8.0,1.16,13,26.0,45,22,36.0,54.0,18.0,0.9,36.0,2019-12-13 09:00,,0.6,18,37,4,121.304383,24.995368,17
大園,桃園市,50,,良好,4.9,0.33,27,29.0,37,14,22.0,32.0,10.0,2.8,52.0,2019-12-13 09:00,,0.3,15,40,5,121.201811,25.060344,18
觀音,桃園市,52,細懸浮微粒,普通,5.7,0.27,27,33.0,41,15,22.0,27.0,5.6,3.9,1.1,2019-12-13 09:00,,0.3,16,42,5,121.082761,25.035503,19
平鎮,桃園市,54,細懸浮微粒,普通,5.2,0.76,24,27.0,39,17,25.0,35.0,9.6,3.2,90.0,2019-12-13 09:00,,0.6,17,39,2,121.20398600000001,24.952786,20
龍潭,桃園市,48,,良好,4.0,0.54,19,25.0,22,11,18.0,30.0,11.0,2.8,69.0,2019-12-13 09:00,,0.5,15,27,3,121.21635,24.863869,21
湖口,新竹縣,53,細懸浮微粒,普通,3.3,0.49,25,28.0,38,19,23.0,31.0,7.7,3.4,54.0,2019-12-13 09:00,,0.4,16,34,3,121.038653,24.900142000000002,22
竹東,新竹縣,52,細懸浮微粒,普通,2.7,0.46,24,20.0,31,12,,,,1.2,130.0,2019-12-13 09:00,,0.4,16,28,2,121.088903,24.740644,23
新竹,新竹市,54,細懸浮微粒,普通,2.4,0.46,21,23.0,37,16,18.0,24.0,5.8,1.3,57.0,2019-12-13 09:00,,0.4,17,30,2,120.972075,24.805619,24
頭份,苗栗縣,68,細懸浮微粒,普通,,,14,10.0,33,19,,,,0.7,29.0,2019-12-13 09:00,,0.4,22,33,1,120.898572,24.696969,25
苗栗,苗栗縣,75,細懸浮微粒,普通,2.0,0.79,6.6,3.0,43,31,23.0,43.0,20.0,0.5,233.0,2019-12-13 09:00,,0.5,25,38,2,120.8202,24.565269,26
三義,苗栗縣,69,細懸浮微粒,普通,1.8,0.39,34,23.0,45,27,9.0,11.0,1.9,1.6,25.0,2019-12-13 09:00,,0.4,23,37,2,120.75883300000001,24.382942,27
豐原,臺中市,74,細懸浮微粒,普通,2.0,0.86,14,23.0,41,25,26.0,42.0,15.0,0.6,51.0,2019-12-13 09:00,,0.5,25,37,2,120.74171100000001,24.256586,28
沙鹿,臺中市,83,細懸浮微粒,普通,2.8,0.66,20,12.0,53,28,27.0,40.0,13.0,1.5,1.2,2019-12-13 09:00,,0.6,29,48,2,120.568794,24.225628,29
大里,臺中市,107,細懸浮微粒,對敏感族群不健康,4.6,1.03,6.1,3.0,67,40,29.0,55.0,26.0,1.1,236.0,2019-12-13 09:00,,0.8,38,61,3,120.67768899999999,24.099611,30
忠明,臺中市,107,細懸浮微粒,對敏感族群不健康,2.9,1.38,10,6.0,60,42,39.0,73.0,34.0,0.8,121.0,2019-12-13 09:00,,0.8,38,58,3,120.64109199999999,24.151958,31
西屯,臺中市,102,細懸浮微粒,對敏感族群不健康,3.3,1.02,8.3,5.0,71,35,41.0,89.0,49.0,1.4,184.0,2019-12-13 09:00,,0.7,36,63,2,120.61691699999999,24.162197,32
彰化,彰化縣,93,細懸浮微粒,普通,2.8,0.8,17,5.0,47,32,25.0,33.0,7.5,1.2,165.0,2019-12-13 09:00,,0.8,33,54,2,120.541519,24.066,33
線西,彰化縣,69,細懸浮微粒,普通,3.9,0.41,24,16.0,41,22,21.0,29.0,8.1,3.7,42.0,2019-12-13 09:00,,0.5,23,49,4,120.46906100000001,24.131672000000002,34
二林,彰化縣,82,細懸浮微粒,普通,3.8,0.48,25,13.0,54,30,15.0,21.0,5.2,3.3,44.0,2019-12-13 09:00,,0.5,28,59,4,120.409653,23.925175,35
南投,南投縣,91,細懸浮微粒,普通,0.9,0.61,15,6.0,53,29,13.0,22.0,8.6,1.0,184.0,2019-12-13 09:00,,0.5,32,51,2,120.68530600000001,23.913,36
斗六,雲林縣,104,細懸浮微粒,對敏感族群不健康,2.4,0.46,15,7.0,57,34,18.0,27.0,9.7,1.9,27.0,2019-12-13 09:00,,0.5,37,70,3,120.54499399999999,23.711853,37
崙背,雲林縣,80,細懸浮微粒,普通,4.4,0.58,24,13.0,50,19,16.0,22.0,6.4,2.1,57.0,2019-12-13 09:00,,0.6,27,60,3,120.34874199999999,23.757547,38
新港,嘉義縣,95,細懸浮微粒,普通,3.3,0.67,15,10.0,73,37,24.0,37.0,12.0,3.3,4.9,2019-12-13 09:00,,0.6,34,70,3,120.34553100000001,23.554839,39
朴子,嘉義縣,76,細懸浮微粒,普通,3.6,0.49,24,12.0,55,22,13.0,18.0,5.2,2.2,1.1,2019-12-13 09:00,,0.5,26,61,3,120.24781000000002,23.467123,40
臺西,雲林縣,62,細懸浮微粒,普通,2.8,0.24,39,37.0,42,22,6.4,9.4,3.0,6.9,24.0,2019-12-13 09:00,,0.3,20,43,2,120.20284199999999,23.717533,41
嘉義,嘉義市,116,細懸浮微粒,對敏感族群不健康,3.3,0.85,11,8.0,74,48,25.0,41.0,16.0,1.9,33.0,2019-12-13 09:00,,0.7,41,75,5,120.44083300000001,23.462778,42
新營,臺南市,101,細懸浮微粒,對敏感族群不健康,3.0,0.59,12,8.0,72,38,26.0,43.0,17.0,2.7,31.0,2019-12-13 09:00,,0.6,36,68,3,120.31725,23.305633,43
善化,臺南市,111,細懸浮微粒,對敏感族群不健康,5.6,0.62,16,10.0,83,51,24.0,36.0,12.0,3.2,360.0,2019-12-13 09:00,,0.6,39,74,4,120.297142,23.115097,44
安南,臺南市,98,細懸浮微粒,普通,4.7,0.71,17,11.0,75,41,27.0,40.0,13.0,3.0,21.0,2019-12-13 09:00,,0.6,34,67,3,120.2175,23.048197000000002,45
臺南,臺南市,99,細懸浮微粒,普通,4.5,0.81,15,13.0,74,44,29.0,43.0,14.0,1.8,41.0,2019-12-13 09:00,,0.6,35,65,3,120.20261699999999,22.984581,46
美濃,高雄市,73,細懸浮微粒,普通,1.7,0.33,17,8.0,35,21,8.4,14.0,5.7,1.1,171.0,2019-12-13 09:00,,0.3,24,39,1,120.530542,22.883582999999998,47
橋頭,高雄市,117,細懸浮微粒,對敏感族群不健康,4.3,0.67,16,9.0,87,50,23.0,33.0,10.0,2.5,12.0,2019-12-13 09:00,,0.6,42,77,4,120.30568899999999,22.757506,48
仁武,高雄市,116,細懸浮微粒,對敏感族群不健康,6.7,0.75,10,10.0,86,48,33.0,62.0,29.0,3.7,352.0,2019-12-13 09:00,,0.6,41,76,3,120.332631,22.689056,49
鳳山,高雄市,104,細懸浮微粒,對敏感族群不健康,3.0,0.7,19,11.0,71,39,25.0,33.0,7.7,1.9,40.0,2019-12-13 09:00,,0.6,37,76,2,120.35808300000001,22.627392,50
大寮,高雄市,111,細懸浮微粒,對敏感族群不健康,4.6,0.53,15,13.0,66,38,24.0,37.0,13.0,2.3,350.0,2019-12-13 09:00,,0.5,40,69,5,120.425081,22.565747,51
林園,高雄市,101,細懸浮微粒,對敏感族群不健康,7.1,0.47,21,19.0,67,26,25.0,34.0,8.9,2.7,18.0,2019-12-13 09:00,,0.5,36,77,4,120.41175,22.4795,52
楠梓,高雄市,110,細懸浮微粒,對敏感族群不健康,2.4,0.63,14,11.0,92,48,21.0,32.0,12.0,1.7,325.0,2019-12-13 09:00,,0.5,39,77,3,120.32828899999998,22.733667,53
左營,高雄市,114,細懸浮微粒,對敏感族群不健康,3.2,0.89,19,14.0,81,47,24.0,32.0,8.6,2.5,11.0,2019-12-13 09:00,,0.6,40,78,3,120.29291699999999,22.674861,54
前金,高雄市,116,細懸浮微粒,對敏感族群不健康,2.0,0.86,20,16.0,90,46,24.0,33.0,9.9,3.0,1.8,2019-12-13 09:00,,0.6,41,84,3,120.288086,22.632567,56
前鎮,高雄市,113,細懸浮微粒,對敏感族群不健康,3.4,0.97,19,15.0,91,40,32.0,48.0,16.0,3.6,9.8,2019-12-13 09:00,,0.7,40,83,4,120.30756399999999,22.605386,57
小港,高雄市,110,細懸浮微粒,對敏感族群不健康,3.4,0.75,15,10.0,81,40,37.0,57.0,20.0,2.4,4.1,2019-12-13 09:00,,0.6,39,80,3,120.337736,22.565832999999998,58
屏東,屏東縣,76,細懸浮微粒,普通,1.8,0.43,22,23.0,47,14,16.0,22.0,5.1,2.5,353.0,2019-12-13 09:00,,0.4,26,55,3,120.488033,22.673081,59
潮州,屏東縣,86,細懸浮微粒,普通,2.5,0.4,16,10.0,53,32,11.0,15.0,4.3,0.7,38.0,2019-12-13 09:00,,0.4,30,45,2,120.561175,22.523107999999997,60
恆春,屏東縣,66,細懸浮微粒,普通,1.2,0.29,51,53.0,29,20,,,,7.9,35.0,2019-12-13 09:00,,0.3,22,36,2,120.788928,21.958069000000002,61
臺東,臺東縣,62,細懸浮微粒,普通,1.4,0.4,26,37.0,33,14,6.4,9.1,2.7,2.1,331.0,2019-12-13 09:00,,0.4,20,34,2,121.15045,22.755357999999998,62
花蓮,花蓮縣,49,,良好,1.4,0.3,21,23.0,26,15,5.6,8.9,3.3,1.2,221.0,2019-12-13 09:00,,0.2,15,25,1,121.599769,23.971306,63
陽明,臺北市,37,,良好,1.0,0.17,38,40.0,17,6,1.0,1.2,0.2,,,2019-12-13 09:00,,0.2,7,14,2,121.529583,25.182722000000002,64
宜蘭,宜蘭縣,36,,良好,1.1,0.31,22,28.0,14,12,4.9,7.2,2.3,0.9,212.0,2019-12-13 09:00,,0.3,11,19,2,121.746394,24.747917,65
冬山,宜蘭縣,37,,良好,1.2,0.41,21,26.0,32,11,11.0,15.0,4.0,1.2,283.0,2019-12-13 09:00,,0.4,11,24,2,121.792928,24.632203,66
三重,新北市,58,細懸浮微粒,普通,4.6,2.35,-,,55,23,50.0,167.0,117.0,,,2019-12-13 09:00,,1.1,18,44,3,121.493806,25.072611,67
中壢,桃園市,57,細懸浮微粒,普通,5.8,2.2,7.7,24.0,51,24,44.0,102.0,58.0,1.1,283.0,2019-12-13 09:00,,1.0,18,40,2,121.221667,24.953278,68
竹山,南投縣,88,細懸浮微粒,普通,2.3,0.3,16,13.0,41,23,12.0,18.0,5.9,0.7,241.0,2019-12-13 09:00,,0.3,30,50,2,120.677306,23.756389000000002,69
永和,新北市,44,,良好,2.5,2.32,8.9,29.0,37,18,35.0,84.0,50.0,1.3,91.0,2019-12-13 09:00,,0.9,14,33,2,121.516306,25.017,70
復興,高雄市,120,細懸浮微粒,對敏感族群不健康,6.2,1.15,15,12.0,85,46,34.0,58.0,24.0,1.7,113.0,2019-12-13 09:00,,0.8,43,81,3,120.312017,22.608711,71
埔里,南投縣,83,細懸浮微粒,普通,3.3,0.61,14,10.0,44,27,17.0,28.0,11.0,1.1,242.0,2019-12-13 09:00,,0.4,28,41,2,120.967903,23.968842000000002,72
馬祖,連江縣,58,細懸浮微粒,普通,1.7,0.24,41,43.0,33,18,7.4,8.7,1.3,3.9,337.0,2019-12-13 09:00,,0.2,18,36,3,119.949875,26.160469,75
金門,金門縣,67,細懸浮微粒,普通,5.3,0.29,32,40.0,76,27,17.0,20.0,3.0,3.3,22.0,2019-12-13 09:00,,0.2,22,57,3,118.312256,24.432133,77
馬公,澎湖縣,49,,良好,1.8,0.22,42,45.0,43,17,3.6,4.9,1.3,5.4,23.0,2019-12-13 09:00,,0.2,15,41,1,119.566158,23.569031,78
關山,臺東縣,61,細懸浮微粒,普通,1.8,-,17,16.0,23,18,5.3,8.1,2.9,1.4,47.0,2019-12-13 09:00,,,20,31,2,121.161933,23.045082999999998,80
麥寮,雲林縣,69,細懸浮微粒,普通,2.5,0.33,32,20.0,47,19,9.8,13.0,3.0,4.0,7.3,2019-12-13 09:00,,0.5,23,59,2,120.251825,23.753505999999998,83
金門,金門縣,68,細懸浮微粒,普通,4.5,0.28,37,39.0,79.0,22.0,15.0,19.0,4.1,3.5,26.0,2019-12-13 10:00,,0.2,23,62,3.0,118.312256,24.432133,77
馬公,澎湖縣,51,細懸浮微粒,普通,1.7,0.2,45,45.0,50.0,17.0,3.2,4.6,1.4,4.8,26.0,2019-12-13 10:00,,0.2,16,43,2.0,119.566158,23.569031,78
淡水,新北市,55,細懸浮微粒,普通,1.7,0.64,17,21.0,82.0,24.0,29.0,37.0,8.8,,,2019-12-13 10:00,,0.4,17,35,2.0,121.44923899999999,25.1645,10
士林,臺北市,38,,良好,2.4,0.39,32,34.0,34.0,12.0,16.0,23.0,7.1,2.4,87.0,2019-12-13 10:00,,0.4,12,34,3.0,121.51538899999998,25.105417000000003,11
中山,臺北市,43,,良好,2.6,0.66,20,25.0,40.0,13.0,30.0,47.0,16.0,1.9,102.0,2019-12-13 10:00,,0.5,13,35,2.0,121.526528,25.062361,12
萬華,臺北市,49,,良好,1.8,0.49,22,25.0,39.0,14.0,27.0,40.0,14.0,2.8,93.0,2019-12-13 10:00,,0.5,15,37,1.0,121.507972,25.046503,13
古亭,臺北市,46,,良好,1.9,0.52,27,30.0,30.0,11.0,18.0,25.0,7.8,1.9,77.0,2019-12-13 10:00,,0.5,14,31,1.0,121.529556,25.020608,14
松山,臺北市,52,細懸浮微粒,普通,3.1,0.59,15,24.0,47.0,18.0,34.0,59.0,25.0,2.7,45.0,2019-12-13 10:00,,0.4,16,36,2.0,121.57861100000001,25.05,15
大同,臺北市,62,細懸浮微粒,普通,2.6,1.21,-,,47.0,17.0,39.0,86.0,47.0,,,2019-12-13 10:00,,1.3,20,47,3.0,121.51331100000002,25.0632,16
桃園,桃園市,57,細懸浮微粒,普通,5.1,0.54,29,24.0,35.0,16.0,,,,2.9,83.0,2019-12-13 10:00,,0.6,18,37,4.0,121.304383,24.995368,17
大園,桃園市,52,細懸浮微粒,普通,5.5,0.37,30,28.0,42.0,19.0,22.0,32.0,10.0,4.3,28.0,2019-12-13 10:00,,0.3,16,40,5.0,121.201811,25.060344,18
觀音,桃園市,51,細懸浮微粒,普通,3.7,0.21,37,34.0,41.0,14.0,11.0,15.0,3.4,3.5,1.0,2019-12-13 10:00,,0.3,16,42,5.0,121.082761,25.035503,19
平鎮,桃園市,55,細懸浮微粒,普通,3.5,0.55,30,25.0,40.0,16.0,20.0,27.0,7.8,2.2,58.0,2019-12-13 10:00,,0.6,17,39,2.0,121.20398600000001,24.952786,20
龍潭,桃園市,46,,良好,3.7,0.41,35,24.0,28.0,14.0,9.8,13.0,3.6,3.2,55.0,2019-12-13 10:00,,0.5,14,27,3.0,121.21635,24.863869,21
湖口,新竹縣,55,細懸浮微粒,普通,3.2,0.35,36,28.0,39.0,19.0,15.0,18.0,3.3,4.7,58.0,2019-12-13 10:00,,0.4,17,35,3.0,121.038653,24.900142000000002,22
竹東,新竹縣,48,,良好,2.8,0.37,32,20.0,25.0,12.0,8.4,12.0,3.4,1.3,279.0,2019-12-13 10:00,,0.4,15,28,2.0,121.088903,24.740644,23
新竹,新竹市,53,細懸浮微粒,普通,2.9,0.51,25,21.0,36.0,18.0,19.0,26.0,7.1,1.0,55.0,2019-12-13 10:00,,0.4,16,32,2.0,120.972075,24.805619,24
頭份,苗栗縣,63,細懸浮微粒,普通,2.2,0.47,25,11.0,29.0,14.0,17.0,25.0,8.3,2.2,356.0,2019-12-13 10:00,,0.4,21,33,1.0,120.898572,24.696969,25
苗栗,苗栗縣,76,細懸浮微粒,普通,4.0,0.49,19,5.0,40.0,25.0,19.0,28.0,8.6,1.6,342.0,2019-12-13 10:00,,0.5,26,39,2.0,120.8202,24.565269,26
三義,苗栗縣,68,細懸浮微粒,普通,1.7,0.31,46,25.0,37.0,22.0,6.6,7.9,1.3,0.9,162.0,2019-12-13 10:00,,0.4,22,37,2.0,120.75883300000001,24.382942,27
豐原,臺中市,78,細懸浮微粒,普通,2.7,0.8,27,23.0,62.0,32.0,32.0,44.0,12.0,1.9,264.0,2019-12-13 10:00,,0.5,26,42,1.0,120.74171100000001,24.256586,28
沙鹿,臺中市,83,細懸浮微粒,普通,2.2,0.48,31,16.0,48.0,24.0,21.0,27.0,6.3,3.0,336.0,2019-12-13 10:00,,0.5,28,49,2.0,120.568794,24.225628,29
大里,臺中市,106,細懸浮微粒,對敏感族群不健康,4.6,0.65,19,5.0,64.0,34.0,28.0,41.0,13.0,1.3,225.0,2019-12-13 10:00,,0.8,38,62,3.0,120.67768899999999,24.099611,30
忠明,臺中市,113,細懸浮微粒,對敏感族群不健康,3.2,1.37,20,8.0,77.0,53.0,47.0,71.0,24.0,1.5,279.0,2019-12-13 10:00,,0.9,40,61,3.0,120.64109199999999,24.151958,31
西屯,臺中市,104,細懸浮微粒,對敏感族群不健康,2.9,0.95,19,7.0,81.0,41.0,45.0,75.0,29.0,1.0,156.0,2019-12-13 10:00,,0.8,37,66,2.0,120.61691699999999,24.162197,32
彰化,彰化縣,90,細懸浮微粒,普通,2.4,0.57,29,8.0,43.0,27.0,19.0,22.0,3.1,2.0,327.0,2019-12-13 10:00,,0.7,32,52,2.0,120.541519,24.066,33
線西,彰化縣,68,細懸浮微粒,普通,4.0,0.41,31,18.0,51.0,21.0,18.0,24.0,5.5,3.7,9.5,2019-12-13 10:00,,0.5,23,49,4.0,120.46906100000001,24.131672000000002,34
二林,彰化縣,81,細懸浮微粒,普通,3.3,0.44,33,16.0,52.0,28.0,15.0,19.0,4.5,2.7,354.0,2019-12-13 10:00,,0.5,28,58,4.0,120.409653,23.925175,35
南投,南投縣,87,細懸浮微粒,普通,1.1,0.48,31,9.0,40.0,24.0,11.0,17.0,5.9,0.7,130.0,2019-12-13 10:00,,0.5,30,49,2.0,120.68530600000001,23.913,36
斗六,雲林縣,103,細懸浮微粒,對敏感族群不健康,,,,7.0,,,,,,,,2019-12-13 10:00,,0.5,36,69,,120.54499399999999,23.711853,37
崙背,雲林縣,78,細懸浮微粒,普通,3.5,0.41,36,17.0,48.0,27.0,13.0,17.0,4.2,1.9,17.0,2019-12-13 10:00,,0.5,27,57,3.0,120.34874199999999,23.757547,38
新港,嘉義縣,97,細懸浮微粒,普通,3.4,0.57,31,11.0,76.0,40.0,20.0,26.0,6.2,2.6,349.0,2019-12-13 10:00,,0.6,34,71,3.0,120.34553100000001,23.554839,39
朴子,嘉義縣,74,細懸浮微粒,普通,3.7,0.51,34,14.0,60.0,21.0,12.0,17.0,5.2,2.2,5.4,2019-12-13 10:00,,0.6,25,61,3.0,120.24781000000002,23.467123,40
臺西,雲林縣,60,細懸浮微粒,普通,3.5,0.24,43,37.0,47.0,17.0,5.7,9.7,4.0,7.2,16.0,2019-12-13 10:00,,0.3,19,43,2.0,120.20284199999999,23.717533,41
嘉義,嘉義市,118,細懸浮微粒,對敏感族群不健康,3.3,0.6,30,11.0,70.0,45.0,21.0,27.0,5.7,2.7,15.0,2019-12-13 10:00,,0.7,42,74,4.0,120.44083300000001,23.462778,42
新營,臺南市,102,細懸浮微粒,對敏感族群不健康,2.2,0.47,28,9.0,62.0,36.0,22.0,29.0,7.2,3.1,39.0,2019-12-13 10:00,,0.6,36,67,3.0,120.31725,23.305633,43
善化,臺南市,110,細懸浮微粒,對敏感族群不健康,4.5,0.41,36,13.0,65.0,37.0,17.0,22.0,5.3,3.8,3.1,2019-12-13 10:00,,0.5,39,73,3.0,120.297142,23.115097,44
安南,臺南市,100,細懸浮微粒,普通,3.6,0.48,34,14.0,64.0,38.0,20.0,25.0,5.3,3.0,360.0,2019-12-13 10:00,,0.6,35,68,3.0,120.2175,23.048197000000002,45
臺南,臺南市,100,細懸浮微粒,普通,3.4,0.54,32,15.0,58.0,37.0,21.0,27.0,6.0,2.2,13.0,2019-12-13 10:00,,0.6,35,65,3.0,120.20261699999999,22.984581,46
美濃,高雄市,67,細懸浮微粒,普通,1.3,0.25,29,10.0,29.0,14.0,4.7,8.4,3.7,0.7,59.0,2019-12-13 10:00,,0.3,22,38,1.0,120.530542,22.883582999999998,47
橋頭,高雄市,120,細懸浮微粒,對敏感族群不健康,4.3,0.51,35,11.0,75.0,43.0,19.0,23.0,4.3,2.5,4.3,2019-12-13 10:00,,0.6,43,78,4.0,120.30568899999999,22.757506,48
仁武,高雄市,118,細懸浮微粒,對敏感族群不健康,9.1,0.58,20,10.0,83.0,44.0,36.0,57.0,21.0,2.4,340.0,2019-12-13 10:00,,0.6,42,79,3.0,120.332631,22.689056,49
鳳山,高雄市,104,細懸浮微粒,對敏感族群不健康,2.6,0.58,31,12.0,79.0,34.0,24.0,31.0,6.6,1.8,14.0,2019-12-13 10:00,,0.6,37,77,3.0,120.35808300000001,22.627392,50
大寮,高雄市,106,細懸浮微粒,對敏感族群不健康,9.8,0.38,28,14.0,47.0,23.0,16.0,22.0,6.0,1.9,28.0,2019-12-13 10:00,,0.5,37,66,4.0,120.425081,22.565747,51
林園,高雄市,100,細懸浮微粒,普通,9.7,0.4,29,20.0,63.0,32.0,22.0,29.0,7.1,2.9,29.0,2019-12-13 10:00,,0.5,35,76,4.0,120.41175,22.4795,52
楠梓,高雄市,113,細懸浮微粒,對敏感族群不健康,2.1,0.53,28,11.0,86.0,42.0,21.0,29.0,8.4,2.6,313.0,2019-12-13 10:00,,0.5,40,80,3.0,120.32828899999998,22.733667,53
左營,高雄市,116,細懸浮微粒,對敏感族群不健康,3.1,0.57,41,17.0,72.0,42.0,17.0,21.0,4.1,3.2,2.9,2019-12-13 10:00,,0.6,41,77,3.0,120.29291699999999,22.674861,54
前金,高雄市,118,細懸浮微粒,對敏感族群不健康,1.7,0.66,38,18.0,79.0,46.0,20.0,27.0,6.4,2.9,2.4,2019-12-13 10:00,,0.6,42,83,3.0,120.288086,22.632567,56
前鎮,高雄市,113,細懸浮微粒,對敏感族群不健康,3.1,0.63,35,17.0,68.0,37.0,28.0,36.0,8.5,3.0,29.0,2019-12-13 10:00,,0.7,40,81,4.0,120.30756399999999,22.605386,57
小港,高雄市,110,細懸浮微粒,對敏感族群不健康,1.9,0.51,32,12.0,63.0,37.0,23.0,30.0,6.7,2.5,34.0,2019-12-13 10:00,,0.6,39,78,3.0,120.337736,22.565832999999998,58
屏東,屏東縣,72,細懸浮微粒,普通,1.8,0.29,32,23.0,42.0,17.0,12.0,15.0,3.5,1.7,6.8,2019-12-13 10:00,,0.4,24,53,3.0,120.488033,22.673081,59
潮州,屏東縣,86,細懸浮微粒,普通,2.0,0.38,28,12.0,43.0,25.0,11.0,16.0,4.1,1.2,307.0,2019-12-13 10:00,,0.4,30,46,2.0,120.561175,22.523107999999997,60
恆春,屏東縣,63,細懸浮微粒,普通,1.2,0.29,52,53.0,42.0,17.0,2.2,2.7,0.5,8.0,29.0,2019-12-13 10:00,,0.3,20,36,2.0,120.788928,21.958069000000002,61
臺東,臺東縣,60,細懸浮微粒,普通,1.4,0.39,29,35.0,31.0,17.0,8.5,11.0,3.0,1.7,321.0,2019-12-13 10:00,,0.4,19,33,2.0,121.15045,22.755357999999998,62
花蓮,花蓮縣,47,,良好,1.5,0.26,27,23.0,24.0,10.0,4.2,7.4,3.2,0.8,229.0,2019-12-13 10:00,,0.2,15,25,1.0,121.599769,23.971306,63
陽明,臺北市,37,,良好,1.2,0.17,39,40.0,12.0,6.0,1.0,1.3,0.3,,,2019-12-13 10:00,,0.2,7,13,2.0,121.529583,25.182722000000002,64
宜蘭,宜蘭縣,34,,良好,1.3,0.31,23,26.0,25.0,7.0,5.4,7.8,2.4,0.6,189.0,2019-12-13 10:00,,0.3,11,20,1.0,121.746394,24.747917,65
冬山,宜蘭縣,37,,良好,,,,25.0,,,,,,1.5,308.0,2019-12-13 10:00,,0.4,11,23,2.0,121.792928,24.632203,66
三重,新北市,57,細懸浮微粒,普通,3.8,1.4,-,,49.0,16.0,41.0,109.0,68.0,,,2019-12-13 10:00,,1.2,18,46,4.0,121.493806,25.072611,67
中壢,桃園市,57,細懸浮微粒,普通,3.9,1.31,14,20.0,49.0,19.0,38.0,81.0,43.0,1.0,317.0,2019-12-13 10:00,,1.1,18,42,2.0,121.221667,24.953278,68
竹山,南投縣,82,細懸浮微粒,普通,3.0,0.22,21,14.0,38.0,22.0,11.0,15.0,4.3,0.6,276.0,2019-12-13 10:00,,0.3,28,47,2.0,120.677306,23.756389000000002,69
永和,新北市,47,,良好,2.0,0.94,21,26.0,36.0,17.0,26.0,43.0,17.0,1.9,78.0,2019-12-13 10:00,,1.0,14,33,2.0,121.516306,25.017,70
復興,高雄市,121,細懸浮微粒,對敏感族群不健康,5.2,0.85,27,14.0,80.0,42.0,33.0,44.0,11.0,1.8,97.0,2019-12-13 10:00,,0.8,43,81,3.0,120.312017,22.608711,71
埔里,南投縣,81,細懸浮微粒,普通,3.0,0.53,27,12.0,38.0,23.0,17.0,22.0,5.6,0.9,220.0,2019-12-13 10:00,,0.4,28,41,2.0,120.967903,23.968842000000002,72
馬祖,連江縣,58,細懸浮微粒,普通,1.6,0.22,42,43.0,33.0,18.0,7.3,9.0,1.7,4.4,335.0,2019-12-13 10:00,,0.2,18,36,3.0,119.949875,26.160469,75
關山,臺東縣,60,細懸浮微粒,普通,1.5,-,21,15.0,23.0,17.0,3.5,5.3,1.8,2.0,66.0,2019-12-13 10:00,,,19,29,2.0,121.161933,23.045082999999998,80
麥寮,雲林縣,66,細懸浮微粒,普通,3.6,0.34,32,21.0,54.0,19.0,12.0,17.0,4.2,3.3,336.0,2019-12-13 10:00,,0.4,22,57,2.0,120.251825,23.753505999999998,83
富貴角,新北市,48,,良好,0.1,0.14,41,44.0,45.0,12.0,1.6,1.8,0.2,4.2,86.0,2019-12-13 10:00,,0.2,13,52,1.0,121.536763,25.298562,84
臺南(麻豆),臺南市,98,細懸浮微粒,普通,6.2,0.17,33,13.0,69.0,34.0,19.0,23.0,4.6,2.4,104.0,2019-12-13 10:00,,0.3,35,70,3.0,,,201
彰化(大城),彰化縣,59,細懸浮微粒,普通,3.5,0.16,45,37.0,47.0,13.0,8.8,9.4,0.6,4.8,42.0,2019-12-13 10:00,,0.2,19,48,3.0,,,202
屏東(琉球),屏東縣,109,細懸浮微粒,對敏感族群不健康,5.3,0.48,41,23.0,49.0,30.0,22.0,26.0,4.6,3.2,329.0,2019-12-13 10:00,,0.5,39,69,5.0,,,204
楠梓加工出口區,高雄市,127,細懸浮微粒,對敏感族群不健康,2.0,0.49,33,15.0,73.0,43.0,20.0,25.0,4.9,1.8,43.0,2019-12-13 10:00,,0.6,45,74,15.0,,,310
高雄(楠梓),高雄市,127,細懸浮微粒,對敏感族群不健康,2.0,0.49,33,15.0,73.0,43.0,20.0,25.0,4.9,1.8,43.0,2019-12-13 10:00,,0.6,45,74,15.0,,,310
桃園(觀音工業區),桃園市,63,細懸浮微粒,普通,0.6,0.14,27,25.0,53.0,15.0,13.0,18.0,4.7,3.8,36.0,2019-12-13 10:00,,0.2,20,52,2.0,,,312
高雄(左營),高雄市,120,細懸浮微粒,對敏感族群不健康,1.2,0.51,29,16.0,86.0,47.0,21.0,27.0,5.4,2.1,142.0,2019-12-13 10:00,,0.5,43,78,1.0,,,313
高雄(楠梓),高雄市,123,細懸浮微粒,對敏感族群不健康,,0.4,39,17.0,61.0,37.0,19.0,22.0,3.6,2.2,46.0,2019-12-13 11:00,,0.6,44,71,16,,,310
桃園(觀音工業區),桃園市,61,細懸浮微粒,普通,0.4,0.13,30,25.0,44.0,15.0,9.7,13.0,3.0,4.2,39.0,2019-12-13 11:00,,0.2,20,51,2,,,312
高雄(左營),高雄市,117,細懸浮微粒,對敏感族群不健康,1.0,0.38,42,18.0,68.0,32.0,15.0,18.0,2.9,1.9,101.0,2019-12-13 11:00,,0.5,42,77,1,,,313
桃園,桃園市,55,細懸浮微粒,普通,,,31,23.0,,14.0,,,,2.3,81.0,2019-12-13 11:00,,0.6,17,37,4,121.304383,24.995368,17
馬公,澎湖縣,53,細懸浮微粒,普通,1.9,0.18,48,45.0,47.0,20.0,2.8,3.9,1.1,5.7,23.0,2019-12-13 11:00,,0.2,16,44,1,119.566158,23.569031,78
關山,臺東縣,56,細懸浮微粒,普通,1.4,-,33,17.0,23.0,12.0,4.2,6.2,2.0,1.7,26.0,2019-12-13 11:00,,,18,27,2,121.161933,23.045082999999998,80
麥寮,雲林縣,63,細懸浮微粒,普通,3.2,0.31,39,24.0,45.0,15.0,9.4,12.0,2.8,5.9,12.0,2019-12-13 11:00,,0.4,21,55,2,120.251825,23.753505999999998,83
富貴角,新北市,52,懸浮微粒,普通,0.1,0.15,44,44.0,63.0,11.0,1.4,1.6,0.2,3.9,86.0,2019-12-13 11:00,,0.2,13,56,1,121.536763,25.298562,84
臺南(麻豆),臺南市,101,細懸浮微粒,對敏感族群不健康,7.0,0.15,49,18.0,74.0,37.0,17.0,20.0,2.8,2.4,308.0,2019-12-13 11:00,,0.2,36,70,3,,,201
彰化(大城),彰化縣,58,細懸浮微粒,普通,,,,36.0,53.0,19.0,,,,4.6,355.0,2019-12-13 11:00,,0.2,18,49,3,,,202
基隆,基隆市,40,,良好,2.1,0.25,40,19.0,37.0,12.0,7.0,8.4,1.4,1.6,80.0,2019-12-13 11:00,,0.4,12,34,2,121.760056,25.129167000000002,1
汐止,新北市,53,細懸浮微粒,普通,3.4,0.29,36,13.0,30.0,15.0,13.0,18.0,5.1,2.4,30.0,2019-12-13 11:00,,0.5,17,36,4,121.6423,25.067131,2
萬里,新北市,42,,良好,2.3,0.21,42,28.0,49.0,10.0,6.8,9.2,2.4,1.4,38.0,2019-12-13 11:00,,0.3,13,36,2,121.689881,25.179667000000002,3
新店,新北市,41,,良好,2.0,0.28,39,25.0,33.0,13.0,,,,3.1,75.0,2019-12-13 11:00,,0.5,13,27,2,121.537778,24.977222,4
土城,新北市,41,,良好,1.6,0.37,35,25.0,35.0,14.0,13.0,17.0,4.1,1.9,7.8,2019-12-13 11:00,,0.6,13,36,2,121.45186100000001,24.982528,5
板橋,新北市,45,,良好,4.4,0.38,33,25.0,37.0,14.0,19.0,25.0,6.1,2.3,89.0,2019-12-13 11:00,,0.6,14,35,4,121.45866699999999,25.012972,6
新莊,新北市,51,細懸浮微粒,普通,2.0,0.34,37,25.0,64.0,12.0,17.0,23.0,5.2,4.0,78.0,2019-12-13 11:00,,0.5,16,46,2,121.4325,25.037972,7
菜寮,新北市,53,細懸浮微粒,普通,2.0,0.36,33,22.0,34.0,13.0,11.0,17.0,5.4,4.3,93.0,2019-12-13 11:00,,0.7,16,35,2,121.48102800000001,25.06895,8
林口,新北市,52,細懸浮微粒,普通,4.1,0.26,35,30.0,41.0,21.0,15.0,22.0,6.7,3.8,106.0,2019-12-13 11:00,,0.3,16,37,3,121.376869,25.077197,9
淡水,新北市,56,細懸浮微粒,普通,1.9,0.39,34,21.0,124.0,22.0,16.0,21.0,4.9,,,2019-12-13 11:00,,0.5,18,52,2,121.44923899999999,25.1645,10
士林,臺北市,38,,良好,4.9,0.22,40,34.0,28.0,10.0,9.3,12.0,3.0,3.1,92.0,2019-12-13 11:00,,0.4,12,34,3,121.51538899999998,25.105417000000003,11
中山,臺北市,42,,良好,,,,23.0,34.0,,,,,2.1,99.0,2019-12-13 11:00,,0.5,13,35,2,121.526528,25.062361,12
萬華,臺北市,50,,良好,1.2,0.35,31,23.0,39.0,14.0,19.0,26.0,7.8,3.3,92.0,2019-12-13 11:00,,0.5,15,37,1,121.507972,25.046503,13
古亭,臺北市,46,,良好,2.0,0.38,33,28.0,36.0,11.0,16.0,21.0,5.1,1.8,82.0,2019-12-13 11:00,,0.5,14,32,1,121.529556,25.020608,14
松山,臺北市,51,細懸浮微粒,普通,2.0,0.27,34,24.0,37.0,10.0,15.0,21.0,6.1,3.1,35.0,2019-12-13 11:00,,0.4,16,37,2,121.57861100000001,25.05,15
大同,臺北市,63,細懸浮微粒,普通,1.8,0.56,-,,38.0,16.0,27.0,51.0,24.0,,,2019-12-13 11:00,,1.3,20,46,3,121.51331100000002,25.0632,16
大園,桃園市,50,,良好,4.7,0.22,41,28.0,39.0,14.0,10.0,14.0,4.1,6.8,27.0,2019-12-13 11:00,,0.3,15,40,5,121.201811,25.060344,18
觀音,桃園市,47,,良好,1.8,0.16,43,35.0,32.0,10.0,5.3,6.2,0.8,4.2,1.0,2019-12-13 11:00,,0.3,15,41,5,121.082761,25.035503,19
平鎮,桃園市,53,細懸浮微粒,普通,2.6,0.45,40,25.0,34.0,10.0,14.0,19.0,4.2,2.9,48.0,2019-12-13 11:00,,0.6,16,39,2,121.20398600000001,24.952786,20
龍潭,桃園市,46,,良好,3.6,0.37,41,24.0,25.0,14.0,9.0,12.0,3.1,3.1,53.0,2019-12-13 11:00,,0.5,14,26,3,121.21635,24.863869,21
湖口,新竹縣,54,細懸浮微粒,普通,4.0,0.32,40,28.0,40.0,14.0,13.0,15.0,2.1,4.8,35.0,2019-12-13 11:00,,0.4,17,36,3,121.038653,24.900142000000002,22
竹東,新竹縣,46,,良好,2.1,0.33,37,22.0,22.0,14.0,7.3,10.0,3.0,1.5,278.0,2019-12-13 11:00,,0.4,14,27,2,121.088903,24.740644,23
新竹,新竹市,51,細懸浮微粒,普通,3.0,0.36,40,21.0,33.0,14.0,14.0,17.0,3.5,2.3,57.0,2019-12-13 11:00,,0.4,16,32,2,120.972075,24.805619,24
頭份,苗栗縣,63,細懸浮微粒,普通,2.8,0.4,33,14.0,53.0,20.0,17.0,23.0,6.1,2.4,356.0,2019-12-13 11:00,,0.4,21,36,1,120.898572,24.696969,25
苗栗,苗栗縣,76,細懸浮微粒,普通,3.8,0.47,23,7.0,42.0,24.0,19.0,27.0,8.2,2.2,51.0,2019-12-13 11:00,,0.5,26,40,2,120.8202,24.565269,26
三義,苗栗縣,68,細懸浮微粒,普通,1.8,0.31,46,26.0,34.0,22.0,7.3,8.7,1.4,3.0,44.0,2019-12-13 11:00,,0.4,22,37,2,120.75883300000001,24.382942,27
豐原,臺中市,80,細懸浮微粒,普通,2.4,0.65,47,25.0,55.0,33.0,25.0,31.0,5.8,2.5,307.0,2019-12-13 11:00,,0.6,27,45,1,120.74171100000001,24.256586,28
沙鹿,臺中市,78,細懸浮微粒,普通,2.1,0.31,39,20.0,45.0,15.0,12.0,16.0,3.7,4.0,348.0,2019-12-13 11:00,,0.5,26,49,2,120.568794,24.225628,29
大里,臺中市,106,細懸浮微粒,對敏感族群不健康,3.8,0.49,33,9.0,62.0,35.0,25.0,33.0,7.7,1.8,267.0,2019-12-13 11:00,,0.8,38,62,3,120.67768899999999,24.099611,30
忠明,臺中市,114,細懸浮微粒,對敏感族群不健康,2.7,0.86,37,11.0,63.0,41.0,40.0,52.0,11.0,2.9,319.0,2019-12-13 11:00,,0.9,41,62,3,120.64109199999999,24.151958,31
西屯,臺中市,104,細懸浮微粒,對敏感族群不健康,2.8,0.54,38,12.0,63.0,33.0,29.0,38.0,9.1,2.3,329.0,2019-12-13 11:00,,0.7,37,67,2,120.61691699999999,24.162197,32
彰化,彰化縣,91,細懸浮微粒,普通,3.5,0.62,31,12.0,59.0,33.0,32.0,38.0,6.0,2.1,350.0,2019-12-13 11:00,,0.7,32,52,2,120.541519,24.066,33
線西,彰化縣,67,細懸浮微粒,普通,5.6,0.26,40,21.0,49.0,16.0,10.0,12.0,2.2,4.4,8.6,2019-12-13 11:00,,0.4,22,50,4,120.46906100000001,24.131672000000002,34
二林,彰化縣,80,細懸浮微粒,普通,4.6,0.38,36,19.0,52.0,25.0,15.0,19.0,4.1,4.3,355.0,2019-12-13 11:00,,0.5,27,56,4,120.409653,23.925175,35
南投,南投縣,84,細懸浮微粒,普通,0.8,0.45,52,15.0,35.0,26.0,9.9,14.0,4.1,0.8,272.0,2019-12-13 11:00,,0.5,29,46,2,120.68530600000001,23.913,36
斗六,雲林縣,94,細懸浮微粒,普通,1.1,0.31,41,14.0,56.0,28.0,12.0,16.0,3.9,2.2,334.0,2019-12-13 11:00,,0.4,33,62,3,120.54499399999999,23.711853,37
崙背,雲林縣,78,細懸浮微粒,普通,3.9,0.37,45,20.0,60.0,25.0,13.0,16.0,3.1,2.6,345.0,2019-12-13 11:00,,0.5,27,58,3,120.34874199999999,23.757547,38
新港,嘉義縣,101,細懸浮微粒,對敏感族群不健康,3.2,0.43,52,16.0,78.0,40.0,15.0,17.0,2.6,3.6,327.0,2019-12-13 11:00,,0.6,36,72,3,120.34553100000001,23.554839,39
朴子,嘉義縣,72,細懸浮微粒,普通,3.2,0.4,50,19.0,59.0,23.0,9.1,12.0,3.4,2.8,354.0,2019-12-13 11:00,,0.5,24,60,2,120.24781000000002,23.467123,40
臺西,雲林縣,59,細懸浮微粒,普通,3.1,0.21,46,38.0,39.0,15.0,5.8,8.9,3.1,7.5,12.0,2019-12-13 11:00,,0.3,19,43,2,120.20284199999999,23.717533,41
嘉義,嘉義市,118,細懸浮微粒,對敏感族群不健康,2.8,0.53,46,15.0,62.0,38.0,19.0,22.0,2.8,2.9,356.0,2019-12-13 11:00,,0.7,42,72,4,120.44083300000001,23.462778,42
新營,臺南市,103,細懸浮微粒,對敏感族群不健康,2.4,0.47,45,13.0,71.0,38.0,21.0,24.0,3.3,2.9,2.4,2019-12-13 11:00,,0.6,36,67,3,120.31725,23.305633,43
善化,臺南市,109,細懸浮微粒,對敏感族群不健康,3.9,0.36,49,18.0,60.0,31.0,15.0,18.0,2.8,4.5,4.9,2019-12-13 11:00,,0.5,39,71,3,120.297142,23.115097,44
安南,臺南市,102,細懸浮微粒,對敏感族群不健康,3.0,0.44,46,18.0,65.0,36.0,19.0,22.0,3.2,2.8,6.4,2019-12-13 11:00,,0.6,36,67,3,120.2175,23.048197000000002,45
臺南,臺南市,102,細懸浮微粒,對敏感族群不健康,2.7,0.46,46,19.0,60.0,33.0,18.0,22.0,4.0,1.6,37.0,2019-12-13 11:00,,0.6,36,64,3,120.20261699999999,22.984581,46
美濃,高雄市,63,細懸浮微粒,普通,1.1,0.24,37,13.0,27.0,12.0,4.3,7.3,3.0,1.3,268.0,2019-12-13 11:00,,0.3,20,36,1,120.530542,22.883582999999998,47
橋頭,高雄市,118,細懸浮微粒,對敏感族群不健康,3.8,0.42,46,16.0,58.0,35.0,17.0,20.0,3.3,3.8,5.7,2019-12-13 11:00,,0.6,42,75,4,120.30568899999999,22.757506,48
仁武,高雄市,117,細懸浮微粒,對敏感族群不健康,4.5,0.45,37,13.0,71.0,34.0,27.0,34.0,7.3,4.0,347.0,2019-12-13 11:00,,0.6,42,78,3,120.332631,22.689056,49
鳳山,高雄市,101,細懸浮微粒,對敏感族群不健康,2.1,0.42,46,16.0,66.0,29.0,17.0,20.0,3.0,2.9,10.0,2019-12-13 11:00,,0.6,36,75,3,120.35808300000001,22.627392,50
大寮,高雄市,98,細懸浮微粒,普通,8.1,0.28,35,17.0,47.0,23.0,16.0,22.0,5.4,1.9,15.0,2019-12-13 11:00,,0.4,35,63,4,120.425081,22.565747,51
林園,高雄市,93,細懸浮微粒,普通,6.0,0.27,42,22.0,53.0,20.0,15.0,18.0,3.2,3.6,19.0,2019-12-13 11:00,,0.4,33,72,4,120.41175,22.4795,52
楠梓,高雄市,108,細懸浮微粒,對敏感族群不健康,2.1,0.38,47,15.0,68.0,29.0,13.0,17.0,3.5,3.5,314.0,2019-12-13 11:00,,0.5,38,78,3,120.32828899999998,22.733667,53
左營,高雄市,112,細懸浮微粒,對敏感族群不健康,2.9,0.42,53,20.0,58.0,35.0,14.0,16.0,2.5,3.9,360.0,2019-12-13 11:00,,0.6,40,74,3,120.29291699999999,22.674861,54
前金,高雄市,116,細懸浮微粒,對敏感族群不健康,1.5,0.47,53,21.0,65.0,34.0,14.0,17.0,3.2,4.3,2.4,2019-12-13 11:00,,0.6,41,80,3,120.288086,22.632567,56
前鎮,高雄市,108,細懸浮微粒,對敏感族群不健康,2.1,0.51,45,21.0,58.0,31.0,23.0,30.0,6.5,3.9,16.0,2019-12-13 11:00,,0.7,38,77,3,120.30756399999999,22.605386,57
小港,高雄市,106,細懸浮微粒,對敏感族群不健康,2.1,0.38,45,17.0,61.0,30.0,19.0,23.0,4.2,2.3,29.0,2019-12-13 11:00,,0.6,38,75,3,120.337736,22.565832999999998,58
屏東,屏東縣,65,細懸浮微粒,普通,1.6,0.27,45,26.0,41.0,14.0,8.9,11.0,1.6,2.8,332.0,2019-12-13 11:00,,0.4,21,51,3,120.488033,22.673081,59
潮州,屏東縣,83,細懸浮微粒,普通,1.8,0.34,42,16.0,36.0,18.0,10.0,12.0,2.2,1.9,326.0,2019-12-13 11:00,,0.4,28,45,2,120.561175,22.523107999999997,60
恆春,屏東縣,60,細懸浮微粒,普通,1.2,0.29,53,52.0,28.0,15.0,2.2,2.8,0.6,9.3,29.0,2019-12-13 11:00,,0.3,19,35,2,120.788928,21.958069000000002,61
臺東,臺東縣,56,細懸浮微粒,普通,1.4,0.46,43,35.0,31.0,11.0,8.0,11.0,2.6,2.8,77.0,2019-12-13 11:00,,0.4,18,33,2,121.15045,22.755357999999998,62
花蓮,花蓮縣,48,,良好,2.6,0.34,37,24.0,36.0,14.0,8.1,12.0,3.6,1.0,85.0,2019-12-13 11:00,,0.3,15,27,1,121.599769,23.971306,63
陽明,臺北市,36,,良好,1.5,0.16,39,39.0,25.0,10.0,1.0,1.4,0.4,,,2019-12-13 11:00,,0.2,8,16,2,121.529583,25.182722000000002,64
宜蘭,宜蘭縣,35,,良好,1.5,0.28,39,27.0,29.0,11.0,4.7,6.8,2.1,1.3,93.0,2019-12-13 11:00,,0.3,11,22,1,121.746394,24.747917,65
冬山,宜蘭縣,34,,良好,,,,24.0,,7.0,,,,1.8,354.0,2019-12-13 11:00,,0.4,11,24,2,121.792928,24.632203,66
三重,新北市,59,細懸浮微粒,普通,4.5,1.16,-,,43.0,21.0,37.0,99.0,62.0,,,2019-12-13 11:00,,1.3,19,46,4,121.493806,25.072611,67
中壢,桃園市,56,細懸浮微粒,普通,3.1,0.73,25,18.0,32.0,16.0,30.0,48.0,19.0,1.3,16.0,2019-12-13 11:00,,1.1,18,41,2,121.221667,24.953278,68
竹山,南投縣,78,細懸浮微粒,普通,2.4,0.15,34,16.0,40.0,20.0,9.9,13.0,3.4,1.0,355.0,2019-12-13 11:00,,0.3,26,46,2,120.677306,23.756389000000002,69
永和,新北市,46,,良好,1.9,0.61,31,24.0,40.0,10.0,19.0,31.0,11.0,3.1,73.0,2019-12-13 11:00,,1.0,14,35,2,121.516306,25.017,70
復興,高雄市,115,細懸浮微粒,對敏感族群不健康,3.6,0.82,36,16.0,63.0,29.0,28.0,38.0,9.2,1.6,288.0,2019-12-13 11:00,,0.8,41,78,3,120.312017,22.608711,71
埔里,南投縣,80,細懸浮微粒,普通,,,38,15.0,,28.0,,,,0.9,211.0,2019-12-13 11:00,,0.5,27,41,2,120.967903,23.968842000000002,72
馬祖,連江縣,58,細懸浮微粒,普通,1.4,0.22,46,43.0,34.0,16.0,6.2,7.8,1.6,4.6,332.0,2019-12-13 11:00,,0.2,18,35,3,119.949875,26.160469,75
金門,金門縣,69,細懸浮微粒,普通,5.1,0.3,43,39.0,61.0,,11.0,14.0,2.8,3.1,34.0,2019-12-13 11:00,,0.2,23,63,3,118.312256,24.432133,77
新北(樹林),新北市,47,,良好,2.0,0.37,27,21.0,36.0,17.0,20.0,30.0,9.3,1.1,195.0,2019-12-13 11:00,,0.5,14,33,2,120.34874199999999,23.757547,203
屏東(琉球),屏東縣,106,細懸浮微粒,對敏感族群不健康,6.1,0.41,47,25.0,53.0,31.0,22.0,27.0,4.8,3.0,328.0,2019-12-13 11:00,,0.5,37,65,5,,,204
楠梓加工出口區,高雄市,123,細懸浮微粒,對敏感族群不健康,,0.4,39,17.0,61.0,37.0,19.0,22.0,3.6,2.2,46.0,2019-12-13 11:00,,0.6,44,71,16,,,310
基隆,基隆市,40,,良好,1.9,0.22,43,21.0,39.0,12.0,5.2,6.6,1.5,1.7,80.0,2019-12-13 12:00,,0.4,12,34,2,121.760056,25.129167000000002,1
埔里,南投縣,79,細懸浮微粒,普通,,,,16.0,19.0,,,,,2.3,310.0,2019-12-13 12:00,,0.5,27,36,2,120.967903,23.968842000000002,72
馬祖,連江縣,55,細懸浮微粒,普通,1.6,0.21,48,43.0,37.0,13.0,6.0,7.5,1.5,4.2,332.0,2019-12-13 12:00,,0.2,17,35,3,119.949875,26.160469,75
金門,金門縣,70,細懸浮微粒,普通,3.4,0.27,51,40.0,,24.0,11.0,14.0,2.4,3.6,33.0,2019-12-13 12:00,,0.3,23,65,3,118.312256,24.432133,77
馬公,澎湖縣,53,細懸浮微粒,普通,2.0,0.18,52,45.0,51.0,16.0,2.3,3.1,0.8,5.5,24.0,2019-12-13 12:00,,0.2,16,45,1,119.566158,23.569031,78
關山,臺東縣,51,細懸浮微粒,普通,1.4,-,40,19.0,23.0,8.0,3.3,4.9,1.6,1.2,33.0,2019-12-13 12:00,,,16,26,2,121.161933,23.045082999999998,80
麥寮,雲林縣,62,細懸浮微粒,普通,2.3,0.25,43,27.0,48.0,17.0,6.9,8.4,1.5,4.6,344.0,2019-12-13 12:00,,0.4,20,54,2,120.251825,23.753505999999998,83
富貴角,新北市,52,懸浮微粒,普通,0.1,0.16,45,44.0,57.0,10.0,1.8,2.2,0.3,2.5,75.0,2019-12-13 12:00,,0.2,13,57,1,121.536763,25.298562,84
汐止,新北市,53,細懸浮微粒,普通,2.5,0.26,40,16.0,32.0,15.0,9.7,15.0,4.8,3.5,27.0,2019-12-13 12:00,,0.5,16,36,4,121.6423,25.067131,2
萬里,新北市,43,,良好,,,45,29.0,50.0,13.0,,,,1.6,15.0,2019-12-13 12:00,,0.3,13,40,2,121.689881,25.179667000000002,3
新店,新北市,40,,良好,2.0,0.27,39,25.0,28.0,9.0,,,,2.8,85.0,2019-12-13 12:00,,0.5,12,28,2,121.537778,24.977222,4
土城,新北市,41,,良好,1.5,0.3,40,25.0,38.0,11.0,11.0,14.0,3.1,2.0,349.0,2019-12-13 12:00,,0.6,13,37,2,121.45186100000001,24.982528,5
板橋,新北市,45,,良好,3.8,0.38,34,25.0,36.0,14.0,18.0,24.0,5.5,2.8,65.0,2019-12-13 12:00,,0.6,14,36,4,121.45866699999999,25.012972,6
新莊,新北市,47,,良好,2.0,0.31,39,25.0,49.0,11.0,15.0,20.0,4.8,5.8,57.0,2019-12-13 12:00,,0.5,15,48,2,121.4325,25.037972,7
菜寮,新北市,51,細懸浮微粒,普通,4.7,0.32,34,22.0,33.0,14.0,11.0,16.0,5.1,3.4,77.0,2019-12-13 12:00,,0.7,16,34,3,121.48102800000001,25.06895,8
林口,新北市,50,,良好,4.9,0.25,36,30.0,38.0,11.0,15.0,22.0,6.4,3.3,74.0,2019-12-13 12:00,,0.3,15,38,3,121.376869,25.077197,9
淡水,新北市,54,細懸浮微粒,普通,1.5,0.22,40,21.0,26.0,11.0,8.2,10.0,2.0,,,2019-12-13 12:00,,0.4,17,51,2,121.44923899999999,25.1645,10
士林,臺北市,37,,良好,1.4,0.23,43,33.0,27.0,10.0,6.5,8.4,1.8,2.4,60.0,2019-12-13 12:00,,0.4,11,33,3,121.51538899999998,25.105417000000003,11
中山,臺北市,41,,良好,2.5,0.44,,22.0,,12.0,21.0,30.0,9.1,2.9,106.0,2019-12-13 12:00,,0.5,13,35,2,121.526528,25.062361,12
萬華,臺北市,47,,良好,1.1,0.36,31,22.0,39.0,12.0,19.0,26.0,7.6,2.7,83.0,2019-12-13 12:00,,0.5,15,38,1,121.507972,25.046503,13
古亭,臺北市,41,,良好,1.6,0.36,35,27.0,32.0,8.0,13.0,17.0,4.0,1.8,74.0,2019-12-13 12:00,,0.5,13,32,1,121.529556,25.020608,14
松山,臺北市,49,,良好,2.3,0.29,34,24.0,44.0,13.0,17.0,23.0,6.6,2.5,49.0,2019-12-13 12:00,,0.4,15,39,2,121.57861100000001,25.05,15
大同,臺北市,58,細懸浮微粒,普通,2.7,0.69,-,,39.0,16.0,29.0,58.0,29.0,,,2019-12-13 12:00,,1.3,18,44,3,121.51331100000002,25.0632,16
桃園,桃園市,53,細懸浮微粒,普通,2.6,0.51,,21.0,,,16.0,21.0,4.9,2.6,39.0,2019-12-13 12:00,,0.7,17,38,4,121.304383,24.995368,17
大園,桃園市,47,,良好,3.9,0.18,44,29.0,37.0,11.0,7.5,11.0,3.4,7.7,28.0,2019-12-13 12:00,,0.3,15,39,5,121.201811,25.060344,18
觀音,桃園市,42,,良好,1.6,0.15,46,36.0,31.0,8.0,3.8,4.3,0.5,5.5,1.0,2019-12-13 12:00,,0.3,13,39,5,121.082761,25.035503,19
平鎮,桃園市,48,,良好,3.6,0.4,32,25.0,43.0,15.0,20.0,26.0,6.2,2.6,41.0,2019-12-13 12:00,,0.6,15,38,3,121.20398600000001,24.952786,20
龍潭,桃園市,43,,良好,3.6,0.42,43,24.0,26.0,11.0,12.0,15.0,3.2,2.9,11.0,2019-12-13 12:00,,0.5,13,26,3,121.21635,24.863869,21
湖口,新竹縣,52,細懸浮微粒,普通,2.6,0.21,45,29.0,37.0,14.0,6.7,7.2,0.5,4.4,32.0,2019-12-13 12:00,,0.4,16,36,3,121.038653,24.900142000000002,22
竹東,新竹縣,43,,良好,1.9,0.3,47,25.0,27.0,11.0,6.8,9.1,2.3,2.4,329.0,2019-12-13 12:00,,0.4,13,27,2,121.088903,24.740644,23
新竹,新竹市,51,細懸浮微粒,普通,3.0,0.3,44,24.0,39.0,13.0,11.0,13.0,2.5,3.0,56.0,2019-12-13 12:00,,0.4,16,33,2,120.972075,24.805619,24
頭份,苗栗縣,60,細懸浮微粒,普通,1.5,0.26,38,17.0,49.0,15.0,9.5,13.0,3.4,5.1,356.0,2019-12-13 12:00,,0.4,19,38,1,120.898572,24.696969,25
苗栗,苗栗縣,73,細懸浮微粒,普通,2.8,0.37,32,10.0,44.0,17.0,13.0,16.0,3.7,2.9,8.3,2019-12-13 12:00,,0.5,24,41,2,120.8202,24.565269,26
三義,苗栗縣,69,細懸浮微粒,普通,2.3,0.34,47,29.0,41.0,24.0,11.0,14.0,2.6,3.5,40.0,2019-12-13 12:00,,0.4,23,37,2,120.75883300000001,24.382942,27
豐原,臺中市,80,細懸浮微粒,普通,2.8,0.39,50,29.0,55.0,24.0,15.0,20.0,4.2,2.3,314.0,2019-12-13 12:00,,0.6,27,48,2,120.74171100000001,24.256586,28
沙鹿,臺中市,74,細懸浮微粒,普通,,,50,25.0,,22.0,,,,4.6,357.0,2019-12-13 12:00,,0.5,25,49,2,120.568794,24.225628,29
大里,臺中市,100,細懸浮微粒,普通,3.6,0.6,42,13.0,68.0,30.0,30.0,38.0,7.7,2.4,276.0,2019-12-13 12:00,,0.8,35,63,3,120.67768899999999,24.099611,30
忠明,臺中市,111,細懸浮微粒,對敏感族群不健康,2.2,0.42,44,16.0,49.0,24.0,18.0,22.0,4.8,3.0,336.0,2019-12-13 12:00,,0.9,39,61,3,120.64109199999999,24.151958,31
西屯,臺中市,96,細懸浮微粒,普通,2.5,0.28,50,17.0,53.0,18.0,10.0,14.0,3.5,2.7,331.0,2019-12-13 12:00,,0.7,34,66,2,120.61691699999999,24.162197,32
彰化,彰化縣,85,細懸浮微粒,普通,3.6,0.43,39,17.0,41.0,19.0,18.0,21.0,3.3,3.5,342.0,2019-12-13 12:00,,0.7,29,50,2,120.541519,24.066,33
線西,彰化縣,65,細懸浮微粒,普通,5.2,0.24,45,25.0,43.0,15.0,11.0,13.0,2.2,5.7,20.0,2019-12-13 12:00,,0.4,21,49,4,120.46906100000001,24.131672000000002,34
二林,彰化縣,76,細懸浮微粒,普通,2.7,0.26,43,23.0,38.0,12.0,7.8,10.0,2.3,4.7,7.9,2019-12-13 12:00,,0.5,26,54,4,120.409653,23.925175,35
南投,南投縣,76,細懸浮微粒,普通,0.4,0.29,56,21.0,24.0,11.0,8.8,12.0,3.6,2.5,346.0,2019-12-13 12:00,,0.5,26,42,2,120.68530600000001,23.913,36
斗六,雲林縣,99,細懸浮微粒,普通,1.5,0.43,64,22.0,83.0,48.0,16.0,19.0,2.6,2.6,323.0,2019-12-13 12:00,,0.4,35,64,3,120.54499399999999,23.711853,37
崙背,雲林縣,75,細懸浮微粒,普通,4.0,0.28,49,25.0,54.0,20.0,9.4,12.0,2.3,2.7,329.0,2019-12-13 12:00,,0.5,25,56,3,120.34874199999999,23.757547,38
新港,嘉義縣,98,細懸浮微粒,普通,3.4,0.35,55,22.0,68.0,27.0,12.0,13.0,1.6,4.1,334.0,2019-12-13 12:00,,0.6,35,72,3,120.34553100000001,23.554839,39
朴子,嘉義縣,74,細懸浮微粒,普通,3.8,0.37,51,24.0,66.0,28.0,9.4,12.0,3.0,2.8,348.0,2019-12-13 12:00,,0.5,25,61,3,120.24781000000002,23.467123,40
臺西,雲林縣,57,細懸浮微粒,普通,,,,38.0,,15.0,,,,8.7,12.0,2019-12-13 12:00,,0.3,18,42,2,120.20284199999999,23.717533,41
嘉義,嘉義市,113,細懸浮微粒,對敏感族群不健康,4.0,0.42,53,21.0,49.0,32.0,14.0,16.0,1.8,4.0,10.0,2019-12-13 12:00,,0.7,40,68,4,120.44083300000001,23.462778,42
新營,臺南市,98,細懸浮微粒,普通,2.4,0.38,59,19.0,60.0,29.0,13.0,15.0,1.8,3.3,15.0,2019-12-13 12:00,,0.5,35,66,3,120.31725,23.305633,43
善化,臺南市,102,細懸浮微粒,對敏感族群不健康,3.1,0.27,56,24.0,44.0,23.0,11.0,12.0,1.9,5.2,353.0,2019-12-13 12:00,,0.5,36,66,3,120.297142,23.115097,44
安南,臺南市,98,細懸浮微粒,普通,2.5,0.34,57,24.0,54.0,27.0,14.0,15.0,1.9,4.6,354.0,2019-12-13 12:00,,0.6,35,65,3,120.2175,23.048197000000002,45
臺南,臺南市,97,細懸浮微粒,普通,2.2,0.37,55,24.0,50.0,24.0,13.0,15.0,2.3,2.6,0.3,2019-12-13 12:00,,0.6,34,62,3,120.20261699999999,22.984581,46
美濃,高雄市,57,細懸浮微粒,普通,1.0,0.2,44,18.0,14.0,11.0,2.8,5.4,2.6,1.7,14.0,2019-12-13 12:00,,0.3,18,31,1,120.530542,22.883582999999998,47
橋頭,高雄市,106,細懸浮微粒,對敏感族群不健康,3.0,0.29,54,21.0,45.0,17.0,11.0,13.0,1.8,4.2,359.0,2019-12-13 12:00,,0.6,37,69,4,120.30568899999999,22.757506,48
仁武,高雄市,105,細懸浮微粒,對敏感族群不健康,3.1,0.27,51,17.0,62.0,19.0,13.0,15.0,2.5,6.2,350.0,2019-12-13 12:00,,0.6,37,74,4,120.332631,22.689056,49
鳳山,高雄市,90,細懸浮微粒,普通,1.9,0.32,51,21.0,53.0,14.0,13.0,15.0,1.9,2.7,331.0,2019-12-13 12:00,,0.5,31,70,3,120.35808300000001,22.627392,50
大寮,高雄市,87,細懸浮微粒,普通,2.3,0.24,46,20.0,42.0,16.0,10.0,13.0,3.1,3.0,342.0,2019-12-13 12:00,,0.4,30,56,4,120.425081,22.565747,51
林園,高雄市,84,細懸浮微粒,普通,2.1,0.27,54,26.0,41.0,19.0,11.0,12.0,1.5,4.4,348.0,2019-12-13 12:00,,0.4,29,64,4,120.41175,22.4795,52
楠梓,高雄市,98,細懸浮微粒,普通,1.6,0.25,55,20.0,67.0,18.0,6.9,8.6,1.7,3.4,332.0,2019-12-13 12:00,,0.5,35,76,3,120.32828899999998,22.733667,53
左營,高雄市,103,細懸浮微粒,對敏感族群不健康,2.1,0.31,56,25.0,42.0,18.0,9.7,11.0,1.8,3.7,360.0,2019-12-13 12:00,,0.6,36,68,3,120.29291699999999,22.674861,54
前金,高雄市,108,細懸浮微粒,對敏感族群不健康,0.8,0.37,54,25.0,47.0,25.0,9.7,13.0,3.0,2.8,353.0,2019-12-13 12:00,,0.6,38,74,2,120.288086,22.632567,56
前鎮,高雄市,97,細懸浮微粒,普通,1.6,0.41,49,25.0,52.0,19.0,17.0,23.0,5.2,3.6,7.8,2019-12-13 12:00,,0.7,34,71,3,120.30756399999999,22.605386,57
小港,高雄市,97,細懸浮微粒,普通,1.8,0.33,47,21.0,62.0,22.0,16.0,20.0,4.1,3.1,324.0,2019-12-13 12:00,,0.6,34,70,3,120.337736,22.565832999999998,58
屏東,屏東縣,59,細懸浮微粒,普通,1.4,0.25,51,30.0,29.0,12.0,7.4,8.0,0.7,2.5,323.0,2019-12-13 12:00,,0.3,19,45,3,120.488033,22.673081,59
潮州,屏東縣,74,細懸浮微粒,普通,,0.25,51,22.0,29.0,14.0,6.6,7.7,1.1,2.1,335.0,2019-12-13 12:00,,0.4,25,41,2,120.561175,22.523107999999997,60
恆春,屏東縣,59,細懸浮微粒,普通,1.2,0.28,53,52.0,26.0,15.0,2.2,2.5,0.4,9.3,15.0,2019-12-13 12:00,,0.3,19,33,1,120.788928,21.958069000000002,61
臺東,臺東縣,55,細懸浮微粒,普通,1.5,0.47,49,35.0,30.0,16.0,6.8,9.2,2.4,2.8,67.0,2019-12-13 12:00,,0.4,17,33,2,121.15045,22.755357999999998,62
花蓮,花蓮縣,46,,良好,2.6,0.34,49,27.0,32.0,13.0,6.4,9.1,2.6,1.0,48.0,2019-12-13 12:00,,0.3,14,28,1,121.599769,23.971306,63
陽明,臺北市,36,,良好,1.2,0.16,39,39.0,23.0,13.0,0.9,1.2,0.3,,,2019-12-13 12:00,,0.2,9,17,2,121.529583,25.182722000000002,64
宜蘭,宜蘭縣,33,,良好,1.6,0.25,46,29.0,32.0,8.0,3.0,4.6,1.5,2.4,98.0,2019-12-13 12:00,,0.3,10,24,1,121.746394,24.747917,65
冬山,宜蘭縣,34,,良好,1.5,0.25,,23.0,39.0,12.0,,,,1.8,45.0,2019-12-13 12:00,,0.3,10,30,2,121.792928,24.632203,66
三重,新北市,57,細懸浮微粒,普通,6.8,1.05,-,,39.0,15.0,34.0,90.0,56.0,,,2019-12-13 12:00,,1.3,18,44,4,121.493806,25.072611,67
中壢,桃園市,54,細懸浮微粒,普通,3.2,0.54,23,16.0,39.0,13.0,30.0,47.0,17.0,1.3,20.0,2019-12-13 12:00,,1.2,17,40,3,121.221667,24.953278,68
竹山,南投縣,73,細懸浮微粒,普通,1.2,0.15,58,22.0,31.0,19.0,6.4,7.3,0.9,2.9,283.0,2019-12-13 12:00,,0.2,25,42,2,120.677306,23.756389000000002,69
永和,新北市,44,,良好,1.9,0.43,33,23.0,41.0,10.0,17.0,28.0,10.0,2.4,79.0,2019-12-13 12:00,,1.0,13,36,2,121.516306,25.017,70
復興,高雄市,107,細懸浮微粒,對敏感族群不健康,2.7,0.6,42,20.0,46.0,28.0,21.0,28.0,7.7,2.0,270.0,2019-12-13 12:00,,0.9,38,71,3,120.312017,22.608711,71
臺南(麻豆),臺南市,95,細懸浮微粒,普通,5.5,0.09,58,23.0,52.0,26.0,11.0,13.0,1.6,3.3,83.0,2019-12-13 12:00,,0.2,33,67,3,,,201
彰化(大城),彰化縣,56,細懸浮微粒,普通,2.6,0.21,,36.0,,,4.4,4.3,-0.1,6.3,67.0,2019-12-13 12:00,,0.2,18,49,3,,,202
新北(樹林),新北市,47,,良好,1.9,0.35,31,20.0,40.0,15.0,19.0,26.0,7.0,1.2,203.0,2019-12-13 12:00,,0.5,15,35,2,120.34874199999999,23.757547,203
屏東(琉球),屏東縣,95,細懸浮微粒,普通,4.8,0.39,55,30.0,54.0,24.0,15.0,17.0,2.5,4.5,324.0,2019-12-13 12:00,,0.5,33,61,5,,,204
楠梓加工出口區,高雄市,113,細懸浮微粒,對敏感族群不健康,,0.31,44,21.0,47.0,23.0,14.0,17.0,2.6,1.5,27.0,2019-12-13 12:00,,0.5,40,67,16,,,310
高雄(楠梓),高雄市,113,細懸浮微粒,對敏感族群不健康,,0.31,44,21.0,47.0,23.0,14.0,17.0,2.6,1.5,27.0,2019-12-13 12:00,,0.5,40,67,16,,,310
桃園(觀音工業區),桃園市,55,細懸浮微粒,普通,0.9,0.11,31,24.0,46.0,10.0,8.1,12.0,3.7,4.9,29.0,2019-12-13 12:00,,0.2,17,49,2,,,312
高雄(左營),高雄市,106,細懸浮微粒,對敏感族群不健康,0.6,0.27,49,22.0,66.0,18.0,8.6,10.0,1.5,2.0,105.0,2019-12-13 12:00,,0.5,38,75,1,,,313
復興,高雄市,95,細懸浮微粒,普通,2.3,0.49,50,25.0,45,17.0,17.0,22.0,4.5,1.7,110.0,2019-12-13 13:00,,0.8,33,65,3,120.312017,22.608711,71
埔里,南投縣,67,細懸浮微粒,普通,1.5,0.2,53,22.0,21,5.0,7.3,8.3,1.0,1.6,286.0,2019-12-13 13:00,,0.5,22,31,2,120.967903,23.968842000000002,72
基隆,基隆市,40,,良好,1.9,0.19,47,23.0,33,10.0,3.8,5.1,1.3,2.8,103.0,2019-12-13 13:00,,0.4,12,34,2,121.760056,25.129167000000002,1
汐止,新北市,47,,良好,2.2,0.26,41,18.0,34,9.0,10.0,14.0,4.1,3.0,29.0,2019-12-13 13:00,,0.5,15,34,4,121.6423,25.067131,2
萬里,新北市,42,,良好,1.8,0.19,,29.0,48,12.0,4.9,7.1,2.2,1.6,32.0,2019-12-13 13:00,,0.3,13,42,2,121.689881,25.179667000000002,3
新店,新北市,39,,良好,1.9,0.3,39,26.0,21,11.0,8.4,12.0,3.7,1.7,99.0,2019-12-13 13:00,,0.5,12,27,2,121.537778,24.977222,4
土城,新北市,36,,良好,1.3,0.3,44,25.0,30,8.0,8.3,10.0,1.9,2.3,354.0,2019-12-13 13:00,,0.6,11,34,2,121.45186100000001,24.982528,5
板橋,新北市,44,,良好,5.1,0.35,37,25.0,33,15.0,15.0,19.0,3.7,3.1,64.0,2019-12-13 13:00,,0.6,14,35,4,121.45866699999999,25.012972,6
新莊,新北市,44,,良好,2.1,0.29,43,27.0,36,10.0,12.0,15.0,3.6,5.3,64.0,2019-12-13 13:00,,0.5,14,46,2,121.4325,25.037972,7
菜寮,新北市,46,,良好,4.4,0.32,36,23.0,28,10.0,9.8,14.0,3.9,3.6,61.0,2019-12-13 13:00,,0.7,14,33,3,121.48102800000001,25.06895,8
林口,新北市,46,,良好,4.3,0.24,37,30.0,33,10.0,16.0,24.0,8.5,3.1,61.0,2019-12-13 13:00,,0.3,14,37,3,121.376869,25.077197,9
淡水,新北市,52,細懸浮微粒,普通,0.8,0.21,41,22.0,25,9.0,4.6,5.7,1.1,,,2019-12-13 13:00,,0.4,16,51,2,121.44923899999999,25.1645,10
士林,臺北市,34,,良好,1.6,0.23,44,33.0,27,9.0,6.6,8.5,2.0,2.3,79.0,2019-12-13 13:00,,0.4,11,31,3,121.51538899999998,25.105417000000003,11
中山,臺北市,41,,良好,3.0,0.42,29,21.0,34,13.0,20.0,28.0,7.5,2.6,91.0,2019-12-13 13:00,,0.6,13,35,2,121.526528,25.062361,12
萬華,臺北市,45,,良好,1.2,0.34,34,22.0,35,11.0,18.0,24.0,6.3,3.2,87.0,2019-12-13 13:00,,0.5,14,37,1,121.507972,25.046503,13
古亭,臺北市,36,,良好,1.4,0.33,39,27.0,32,8.0,11.0,14.0,2.8,2.7,53.0,2019-12-13 13:00,,0.5,11,32,1,121.529556,25.020608,14
松山,臺北市,44,,良好,1.8,0.25,40,24.0,37,11.0,12.0,16.0,4.2,3.0,44.0,2019-12-13 13:00,,0.4,14,38,2,121.57861100000001,25.05,15
大同,臺北市,56,細懸浮微粒,普通,3.2,0.68,-,,37,15.0,26.0,51.0,24.0,,,2019-12-13 13:00,,1.3,18,42,3,121.51331100000002,25.0632,16
桃園,桃園市,47,,良好,2.2,0.48,36,22.0,30,11.0,14.0,17.0,3.5,1.8,51.0,2019-12-13 13:00,,0.7,14,34,4,121.304383,24.995368,17
大園,桃園市,44,,良好,2.7,0.18,45,31.0,35,8.0,5.9,9.3,3.4,8.2,29.0,2019-12-13 13:00,,0.3,14,38,5,121.201811,25.060344,18
觀音,桃園市,38,,良好,1.6,0.15,45,37.0,28,9.0,3.1,3.6,0.4,5.3,1.0,2019-12-13 13:00,,0.2,12,36,5,121.082761,25.035503,19
平鎮,桃園市,45,,良好,2.8,0.34,38,25.0,34,11.0,14.0,19.0,5.2,3.9,25.0,2019-12-13 13:00,,0.6,14,38,3,121.20398600000001,24.952786,20
龍潭,桃園市,45,,良好,4.2,0.42,44,26.0,35,17.0,13.0,16.0,3.1,3.2,40.0,2019-12-13 13:00,,0.5,14,28,3,121.21635,24.863869,21
湖口,新竹縣,49,,良好,2.2,0.18,47,31.0,35,12.0,4.2,4.4,0.2,3.9,38.0,2019-12-13 13:00,,0.4,15,36,3,121.038653,24.900142000000002,22
竹東,新竹縣,43,,良好,2.4,0.36,47,28.0,36,13.0,14.0,16.0,2.8,2.4,335.0,2019-12-13 13:00,,0.4,13,27,2,121.088903,24.740644,23
新竹,新竹市,49,,良好,2.5,0.25,48,28.0,40,15.0,8.3,10.0,1.7,3.0,54.0,2019-12-13 13:00,,0.4,15,34,2,120.972075,24.805619,24
頭份,苗栗縣,56,細懸浮微粒,普通,1.1,0.22,41,21.0,43,11.0,6.5,9.5,3.0,4.2,356.0,2019-12-13 13:00,,0.4,18,40,1,120.898572,24.696969,25
苗栗,苗栗縣,67,細懸浮微粒,普通,2.2,0.26,35,15.0,41,15.0,7.9,10.0,2.3,3.5,8.2,2019-12-13 13:00,,0.5,22,40,2,120.8202,24.565269,26
三義,苗栗縣,67,細懸浮微粒,普通,2.6,0.29,48,33.0,40,21.0,11.0,13.0,2.3,4.1,46.0,2019-12-13 13:00,,0.4,22,37,2,120.75883300000001,24.382942,27
豐原,臺中市,80,細懸浮微粒,普通,2.8,0.37,55,34.0,45,25.0,11.0,13.0,2.8,2.5,335.0,2019-12-13 13:00,,0.6,27,49,2,120.74171100000001,24.256586,28
沙鹿,臺中市,71,細懸浮微粒,普通,,0.19,,26.0,40,,6.4,7.6,1.2,5.1,352.0,2019-12-13 13:00,,0.5,24,46,2,120.568794,24.225628,29
大里,臺中市,93,細懸浮微粒,普通,3.0,0.41,53,20.0,44,23.0,17.0,21.0,3.9,2.2,9.2,2019-12-13 13:00,,0.7,33,59,3,120.67768899999999,24.099611,30
忠明,臺中市,101,細懸浮微粒,對敏感族群不健康,2.1,0.34,50,22.0,42,19.0,14.0,18.0,3.6,3.1,318.0,2019-12-13 13:00,,0.8,36,58,3,120.64109199999999,24.151958,31
西屯,臺中市,90,細懸浮微粒,普通,2.7,0.25,55,24.0,50,21.0,9.6,12.0,2.2,3.8,342.0,2019-12-13 13:00,,0.6,31,63,2,120.61691699999999,24.162197,32
彰化,彰化縣,78,細懸浮微粒,普通,2.4,0.36,49,22.0,41,14.0,10.0,10.0,0.4,3.4,350.0,2019-12-13 13:00,,0.7,26,48,2,120.541519,24.066,33
線西,彰化縣,59,細懸浮微粒,普通,3.1,0.17,46,30.0,48,10.0,7.6,8.6,1.0,5.5,13.0,2019-12-13 13:00,,0.4,19,49,4,120.46906100000001,24.131672000000002,34
二林,彰化縣,69,細懸浮微粒,普通,3.2,0.23,47,28.0,42,14.0,7.5,9.3,1.8,4.2,4.0,2019-12-13 13:00,,0.4,23,51,4,120.409653,23.925175,35
南投,南投縣,76,細懸浮微粒,普通,1.6,0.45,64,29.0,50,31.0,18.0,23.0,4.9,3.1,305.0,2019-12-13 13:00,,0.5,26,41,2,120.68530600000001,23.913,36
斗六,雲林縣,97,細懸浮微粒,普通,2.7,0.35,58,29.0,61,31.0,13.0,15.0,2.4,3.1,331.0,2019-12-13 13:00,,0.4,34,63,3,120.54499399999999,23.711853,37
崙背,雲林縣,74,細懸浮微粒,普通,3.3,0.21,51,31.0,52,19.0,7.5,9.2,1.7,2.3,358.0,2019-12-13 13:00,,0.4,25,56,3,120.34874199999999,23.757547,38
新港,嘉義縣,93,細懸浮微粒,普通,3.1,0.27,57,29.0,59,22.0,7.7,8.9,1.2,4.3,343.0,2019-12-13 13:00,,0.5,33,70,3,120.34553100000001,23.554839,39
朴子,嘉義縣,74,細懸浮微粒,普通,3.0,0.25,56,30.0,51,23.0,5.1,7.3,2.2,2.8,360.0,2019-12-13 13:00,,0.5,25,60,3,120.24781000000002,23.467123,40
臺西,雲林縣,55,細懸浮微粒,普通,0.9,0.12,51,40.0,32,,2.6,4.7,2.1,7.0,12.0,2019-12-13 13:00,,0.2,17,40,2,120.20284199999999,23.717533,41
嘉義,嘉義市,103,細懸浮微粒,對敏感族群不健康,2.4,0.38,55,28.0,41,20.0,11.0,12.0,1.1,3.4,357.0,2019-12-13 13:00,,0.6,36,62,4,120.44083300000001,23.462778,42
新營,臺南市,91,細懸浮微粒,普通,1.9,0.27,54,26.0,44,18.0,7.8,8.8,1.1,4.0,18.0,2019-12-13 13:00,,0.5,32,62,3,120.31725,23.305633,43
善化,臺南市,87,細懸浮微粒,普通,2.9,0.22,59,30.0,32,14.0,7.0,8.3,1.3,5.3,350.0,2019-12-13 13:00,,0.5,30,58,3,120.297142,23.115097,44
安南,臺南市,90,細懸浮微粒,普通,2.3,0.27,60,30.0,48,17.0,7.9,8.8,0.9,4.0,359.0,2019-12-13 13:00,,0.5,31,61,3,120.2175,23.048197000000002,45
臺南,臺南市,89,細懸浮微粒,普通,2.1,0.33,58,29.0,42,24.0,8.6,10.0,1.8,2.2,6.1,2019-12-13 13:00,,0.5,31,57,3,120.20261699999999,22.984581,46
美濃,高雄市,52,細懸浮微粒,普通,0.7,0.19,48,23.0,21,11.0,1.9,4.2,2.4,1.2,320.0,2019-12-13 13:00,,0.3,16,28,1,120.530542,22.883582999999998,47
橋頭,高雄市,93,細懸浮微粒,普通,3.1,0.27,60,28.0,42,16.0,10.0,12.0,1.5,3.9,341.0,2019-12-13 13:00,,0.5,32,62,4,120.30568899999999,22.757506,48
仁武,高雄市,91,細懸浮微粒,普通,2.8,0.26,59,24.0,43,13.0,10.0,11.0,1.2,4.1,343.0,2019-12-13 13:00,,0.5,32,68,4,120.332631,22.689056,49
鳳山,高雄市,78,細懸浮微粒,普通,1.8,0.31,57,27.0,38,10.0,12.0,14.0,1.4,3.0,359.0,2019-12-13 13:00,,0.5,27,64,3,120.35808300000001,22.627392,50
大寮,高雄市,77,細懸浮微粒,普通,0.0,0.18,55,25.0,37,15.0,5.8,7.7,1.9,2.8,332.0,2019-12-13 13:00,,0.4,26,51,4,120.425081,22.565747,51
林園,高雄市,79,細懸浮微粒,普通,2.8,0.39,56,31.0,39,17.0,12.0,13.0,1.5,4.7,350.0,2019-12-13 13:00,,0.4,27,58,4,120.41175,22.4795,52
楠梓,高雄市,88,細懸浮微粒,普通,1.7,0.25,61,27.0,43,19.0,6.7,7.9,1.3,3.2,321.0,2019-12-13 13:00,,0.5,30,69,2,120.32828899999998,22.733667,53
左營,高雄市,90,細懸浮微粒,普通,2.1,0.28,62,32.0,40,16.0,8.0,9.3,1.3,3.3,2.4,2019-12-13 13:00,,0.6,31,61,3,120.29291699999999,22.674861,54
前金,高雄市,96,細懸浮微粒,普通,0.9,0.33,64,32.0,39,17.0,7.8,10.0,2.4,3.7,318.0,2019-12-13 13:00,,0.6,34,65,2,120.288086,22.632567,56
前鎮,高雄市,88,細懸浮微粒,普通,1.5,0.36,57,30.0,43,18.0,16.0,21.0,4.8,3.0,12.0,2019-12-13 13:00,,0.7,30,64,3,120.30756399999999,22.605386,57
小港,高雄市,88,細懸浮微粒,普通,1.3,0.29,56,27.0,45,17.0,12.0,15.0,3.1,3.1,315.0,2019-12-13 13:00,,0.5,30,64,3,120.337736,22.565832999999998,58
屏東,屏東縣,56,細懸浮微粒,普通,1.4,0.25,54,34.0,30,11.0,6.5,7.1,0.6,1.7,315.0,2019-12-13 13:00,,0.3,18,41,3,120.488033,22.673081,59
潮州,屏東縣,65,細懸浮微粒,普通,0.5,0.23,56,27.0,26,11.0,5.8,6.5,0.7,2.0,302.0,2019-12-13 13:00,,0.3,21,37,2,120.561175,22.523107999999997,60
恆春,屏東縣,55,細懸浮微粒,普通,1.2,0.28,54,52.0,26,12.0,2.2,2.4,0.2,7.5,30.0,2019-12-13 13:00,,0.3,17,32,1,120.788928,21.958069000000002,61
臺東,臺東縣,54,細懸浮微粒,普通,1.5,0.44,51,36.0,27,13.0,6.2,8.1,1.9,3.0,55.0,2019-12-13 13:00,,0.4,17,31,2,121.15045,22.755357999999998,62
花蓮,花蓮縣,43,,良好,1.5,0.28,51,31.0,34,12.0,4.1,5.9,1.8,1.6,75.0,2019-12-13 13:00,,0.3,13,29,1,121.599769,23.971306,63
陽明,臺北市,36,,良好,1.2,0.15,40,39.0,23,8.0,1.0,1.4,0.4,,,2019-12-13 13:00,,0.2,9,18,2,121.529583,25.182722000000002,64
宜蘭,宜蘭縣,30,,良好,1.4,0.26,45,31.0,30,7.0,3.0,4.8,1.8,2.8,70.0,2019-12-13 13:00,,0.3,9,26,1,121.746394,24.747917,65
冬山,宜蘭縣,31,,良好,1.4,0.24,39,24.0,35,8.0,8.6,11.0,2.4,1.8,41.0,2019-12-13 13:00,,0.3,10,31,2,121.792928,24.632203,66
三重,新北市,55,細懸浮微粒,普通,6.4,1.12,-,,42,14.0,36.0,94.0,58.0,,,2019-12-13 13:00,,1.4,17,43,4,121.493806,25.072611,67
中壢,桃園市,53,細懸浮微粒,普通,2.6,0.48,28,14.0,39,19.0,24.0,37.0,13.0,1.6,17.0,2019-12-13 13:00,,1.2,16,39,3,121.221667,24.953278,68
竹山,南投縣,77,細懸浮微粒,普通,2.0,0.28,71,29.0,58,37.0,12.0,13.0,1.1,2.7,294.0,2019-12-13 13:00,,0.3,26,44,2,120.677306,23.756389000000002,69
永和,新北市,39,,良好,1.5,0.39,36,23.0,30,8.0,14.0,19.0,5.7,3.2,61.0,2019-12-13 13:00,,1.0,12,35,2,121.516306,25.017,70
馬祖,連江縣,53,細懸浮微粒,普通,1.6,0.2,49,44.0,35,16.0,7.1,8.8,1.8,2.8,329.0,2019-12-13 13:00,,0.2,17,35,2,119.949875,26.160469,75
金門,金門縣,65,細懸浮微粒,普通,3.0,0.25,56,42.0,65,19.0,9.6,11.0,1.5,3.3,49.0,2019-12-13 13:00,,0.3,21,63,3,118.312256,24.432133,77
馬公,澎湖縣,52,細懸浮微粒,普通,2.1,0.2,55,46.0,47,15.0,3.0,4.1,1.1,5.2,22.0,2019-12-13 13:00,,0.2,16,46,2,119.566158,23.569031,78
關山,臺東縣,45,,良好,1.4,-,42,23.0,15,9.0,1.9,3.0,1.1,1.0,245.0,2019-12-13 13:00,,,14,24,2,121.161933,23.045082999999998,80
麥寮,雲林縣,60,細懸浮微粒,普通,0.8,0.2,42,31.0,44,15.0,5.3,6.7,1.4,5.3,4.0,2019-12-13 13:00,,0.3,19,53,2,120.251825,23.753505999999998,83
富貴角,新北市,50,,良好,0.2,0.16,48,44.0,54,13.0,1.6,1.9,0.3,2.6,55.0,2019-12-13 13:00,,0.2,12,54,1,121.536763,25.298562,84
臺南(麻豆),臺南市,88,細懸浮微粒,普通,5.0,0.06,56,29.0,35,19.0,6.4,7.3,0.9,3.0,321.0,2019-12-13 13:00,,0.2,31,61,4,,,201
彰化(大城),彰化縣,54,細懸浮微粒,普通,2.3,0.23,,37.0,37,15.0,2.7,2.5,-0.2,6.0,14.0,2019-12-13 13:00,,0.2,17,46,3,,,202
新北(樹林),新北市,47,,良好,2.0,0.36,37,20.0,33,12.0,16.0,20.0,4.6,1.2,201.0,2019-12-13 13:00,,0.5,14,35,2,120.34874199999999,23.757547,203
屏東(琉球),屏東縣,85,細懸浮微粒,普通,3.6,0.3,63,36.0,48,19.0,15.0,16.0,1.8,4.3,322.0,2019-12-13 13:00,,0.5,29,56,5,,,204
楠梓加工出口區,高雄市,100,細懸浮微粒,普通,,0.26,49,26.0,41,19.0,10.0,12.0,1.3,1.5,58.0,2019-12-13 13:00,,0.5,35,61,16,,,310
高雄(楠梓),高雄市,100,細懸浮微粒,普通,,0.26,49,26.0,41,19.0,10.0,12.0,1.3,1.5,58.0,2019-12-13 13:00,,0.5,35,61,16,,,310
桃園(觀音工業區),桃園市,47,,良好,0.7,0.1,33,24.0,42,10.0,4.7,6.7,2.1,4.0,32.0,2019-12-13 13:00,,0.2,15,48,2,,,312
高雄(左營),高雄市,93,細懸浮微粒,普通,0.7,0.24,55,27.0,46,17.0,8.9,11.0,2.4,1.9,97.0,2019-12-13 13:00,,0.5,33,69,1,,,313
金門,金門縣,63,細懸浮微粒,普通,3.1,0.21,58,44.0,57.0,18.0,6.9,8.1,1.2,2.8,45.0,2019-12-13 14:00,,0.3,20,59,3,118.312256,24.432133,77
馬公,澎湖縣,54,細懸浮微粒,普通,2.3,0.19,57,48.0,46.0,20.0,2.0,3.7,1.7,5.6,23.0,2019-12-13 14:00,,0.2,17,46,2,119.566158,23.569031,78
關山,臺東縣,41,,良好,1.3,-,41,27.0,18.0,9.0,2.1,3.0,0.9,0.6,223.0,2019-12-13 14:00,,,13,22,2,121.161933,23.045082999999998,80
麥寮,雲林縣,56,細懸浮微粒,普通,0.9,0.2,44,34.0,48.0,11.0,5.5,7.1,1.7,5.8,8.2,2019-12-13 14:00,,0.3,17,51,2,120.251825,23.753505999999998,83
桃園(觀音工業區),桃園市,47,,良好,1.2,0.1,31,25.0,48.0,14.0,8.3,12.0,3.6,3.6,40.0,2019-12-13 14:00,,0.1,14,47,2,,,312
高雄(左營),高雄市,83,細懸浮微粒,普通,0.9,0.23,60,34.0,71.0,20.0,7.8,8.7,0.9,2.0,74.0,2019-12-13 14:00,,0.4,29,67,1,,,313
馬祖,連江縣,52,細懸浮微粒,普通,1.6,0.21,52,45.0,33.0,14.0,5.4,6.8,1.3,2.4,331.0,2019-12-13 14:00,,0.2,16,35,2,119.949875,26.160469,75
基隆,基隆市,36,,良好,1.7,0.18,44,31.0,33.0,11.0,4.3,5.2,0.9,0.9,62.0,2019-12-13 15:00,,0.4,11,33,2,121.760056,25.129167000000002,1
基隆,基隆市,37,,良好,1.7,0.18,46,27.0,34.0,9.0,3.1,4.3,1.1,1.5,87.0,2019-12-13 14:00,,0.4,11,34,2,121.760056,25.129167000000002,1
汐止,新北市,43,,良好,1.8,0.23,43,23.0,36.0,9.0,8.3,12.0,3.2,3.8,38.0,2019-12-13 14:00,,0.5,13,33,4,121.6423,25.067131,2
萬里,新北市,41,,良好,2.0,0.19,48,32.0,53.0,10.0,5.5,7.5,2.0,2.3,8.6,2019-12-13 14:00,,0.3,12,44,2,121.689881,25.179667000000002,3
新店,新北市,37,,良好,1.9,0.3,39,27.0,30.0,11.0,,,,2.5,45.0,2019-12-13 14:00,,0.5,11,27,2,121.537778,24.977222,4
土城,新北市,37,,良好,1.3,0.3,43,27.0,35.0,11.0,8.7,10.0,1.8,2.0,12.0,2019-12-13 14:00,,0.6,11,34,2,121.45186100000001,24.982528,5
板橋,新北市,44,,良好,5.2,0.34,37,26.0,37.0,11.0,15.0,19.0,3.7,3.8,45.0,2019-12-13 14:00,,0.6,13,35,4,121.45866699999999,25.012972,6
新莊,新北市,43,,良好,4.4,0.26,43,29.0,41.0,10.0,11.0,14.0,2.8,5.1,57.0,2019-12-13 14:00,,0.5,13,46,2,121.4325,25.037972,7
菜寮,新北市,43,,良好,3.1,0.3,37,24.0,34.0,10.0,8.4,12.0,3.8,3.8,93.0,2019-12-13 14:00,,0.7,13,33,3,121.48102800000001,25.06895,8
林口,新北市,45,,良好,,,29,29.0,39.0,,,,,3.0,44.0,2019-12-13 14:00,,0.4,14,37,3,121.376869,25.077197,9
淡水,新北市,46,,良好,0.6,0.19,43,25.0,27.0,12.0,4.7,5.8,1.2,,,2019-12-13 14:00,,0.4,14,44,2,121.44923899999999,25.1645,10
士林,臺北市,32,,良好,1.1,0.21,46,33.0,29.0,8.0,5.4,6.8,1.5,3.1,97.0,2019-12-13 14:00,,0.4,10,30,3,121.51538899999998,25.105417000000003,11
中山,臺北市,41,,良好,4.2,0.43,30,22.0,32.0,13.0,20.0,28.0,8.0,2.6,107.0,2019-12-13 14:00,,0.6,13,34,2,121.526528,25.062361,12
萬華,臺北市,44,,良好,3.4,0.32,34,23.0,34.0,12.0,16.0,21.0,5.3,3.2,91.0,2019-12-13 14:00,,0.5,13,37,1,121.507972,25.046503,13
古亭,臺北市,35,,良好,1.8,0.32,40,27.0,33.0,9.0,11.0,13.0,2.5,2.6,51.0,2019-12-13 14:00,,0.5,11,33,1,121.529556,25.020608,14
松山,臺北市,43,,良好,3.7,0.26,37,25.0,37.0,14.0,13.0,18.0,4.7,3.4,35.0,2019-12-13 14:00,,0.4,13,38,2,121.57861100000001,25.05,15
大同,臺北市,54,細懸浮微粒,普通,3.7,0.5,-,,41.0,14.0,23.0,38.0,16.0,,,2019-12-13 14:00,,1.3,17,41,3,121.51331100000002,25.0632,16
桃園,桃園市,45,,良好,3.0,0.44,32,23.0,32.0,13.0,16.0,19.0,3.1,2.4,2.1,2019-12-13 14:00,,0.7,14,33,4,121.304383,24.995368,17
大園,桃園市,41,,良好,2.2,0.18,46,33.0,31.0,11.0,5.3,7.4,2.1,6.9,29.0,2019-12-13 14:00,,0.3,13,37,4,121.201811,25.060344,18
觀音,桃園市,35,,良好,1.4,0.14,46,38.0,34.0,7.0,3.3,3.6,0.3,5.3,1.0,2019-12-13 14:00,,0.2,11,35,5,121.082761,25.035503,19
平鎮,桃園市,44,,良好,2.3,0.3,39,26.0,35.0,13.0,12.0,16.0,4.0,3.7,31.0,2019-12-13 14:00,,0.6,14,37,3,121.20398600000001,24.952786,20
龍潭,桃園市,46,,良好,3.9,0.36,43,29.0,36.0,15.0,12.0,15.0,2.5,3.8,6.3,2019-12-13 14:00,,0.5,14,29,3,121.21635,24.863869,21
湖口,新竹縣,47,,良好,2.1,0.18,46,35.0,33.0,13.0,3.6,3.8,0.2,4.3,26.0,2019-12-13 14:00,,0.3,14,35,3,121.038653,24.900142000000002,22
竹東,新竹縣,45,,良好,2.5,0.28,47,32.0,35.0,15.0,11.0,12.0,1.9,3.1,333.0,2019-12-13 14:00,,0.4,14,29,2,121.088903,24.740644,23
新竹,新竹市,45,,良好,2.2,0.22,48,33.0,38.0,11.0,6.1,7.1,1.0,1.7,61.0,2019-12-13 14:00,,0.4,14,35,2,120.972075,24.805619,24
頭份,苗栗縣,54,細懸浮微粒,普通,0.9,0.21,42,26.0,39.0,10.0,5.1,7.5,2.4,4.5,357.0,2019-12-13 14:00,,0.4,17,41,1,120.898572,24.696969,25
苗栗,苗栗縣,61,細懸浮微粒,普通,1.9,0.24,36,19.0,35.0,12.0,6.7,8.9,2.3,3.1,7.8,2019-12-13 14:00,,0.5,20,39,2,120.8202,24.565269,26
三義,苗栗縣,65,細懸浮微粒,普通,2.3,0.23,50,38.0,42.0,17.0,7.5,8.8,1.3,4.5,39.0,2019-12-13 14:00,,0.3,21,38,2,120.75883300000001,24.382942,27
豐原,臺中市,75,細懸浮微粒,普通,3.5,0.28,49,36.0,42.0,19.0,10.0,13.0,2.8,3.5,326.0,2019-12-13 14:00,,0.6,25,46,2,120.74171100000001,24.256586,28
沙鹿,臺中市,64,細懸浮微粒,普通,1.8,0.16,49,30.0,37.0,12.0,4.9,5.7,0.7,5.7,339.0,2019-12-13 14:00,,0.4,21,43,2,120.568794,24.225628,29
大里,臺中市,87,細懸浮微粒,普通,3.0,0.33,53,26.0,,19.0,13.0,15.0,2.4,2.6,346.0,2019-12-13 14:00,,0.7,30,58,3,120.67768899999999,24.099611,30
忠明,臺中市,88,細懸浮微粒,普通,1.8,0.27,52,28.0,47.0,18.0,9.1,11.0,2.2,3.3,341.0,2019-12-13 14:00,,0.8,31,54,3,120.64109199999999,24.151958,31
西屯,臺中市,81,細懸浮微粒,普通,2.4,0.18,52,29.0,49.0,20.0,7.8,9.8,2.0,3.6,345.0,2019-12-13 14:00,,0.6,28,58,2,120.61691699999999,24.162197,32
彰化,彰化縣,73,細懸浮微粒,普通,2.1,0.3,47,28.0,44.0,15.0,8.6,8.7,0.1,3.5,359.0,2019-12-13 14:00,,0.6,24,48,2,120.541519,24.066,33
線西,彰化縣,54,細懸浮微粒,普通,3.3,0.17,46,33.0,47.0,12.0,8.8,9.9,1.2,5.8,20.0,2019-12-13 14:00,,0.3,17,48,4,120.46906100000001,24.131672000000002,34
二林,彰化縣,63,細懸浮微粒,普通,3.6,0.21,45,33.0,46.0,13.0,6.6,8.3,1.7,5.3,358.0,2019-12-13 14:00,,0.4,20,50,4,120.409653,23.925175,35
南投,南投縣,71,細懸浮微粒,普通,0.5,0.33,60,36.0,36.0,15.0,11.0,15.0,3.7,2.5,347.0,2019-12-13 14:00,,0.5,24,40,2,120.68530600000001,23.913,36
斗六,雲林縣,94,細懸浮微粒,普通,2.2,0.27,57,34.0,54.0,18.0,10.0,12.0,2.1,3.0,317.0,2019-12-13 14:00,,0.4,33,64,3,120.54499399999999,23.711853,37
崙背,雲林縣,69,細懸浮微粒,普通,2.6,0.18,50,36.0,53.0,18.0,6.4,8.0,1.6,2.8,338.0,2019-12-13 14:00,,0.4,23,56,3,120.34874199999999,23.757547,38
新港,嘉義縣,86,細懸浮微粒,普通,2.3,0.2,55,35.0,53.0,20.0,6.6,7.2,0.6,4.3,311.0,2019-12-13 14:00,,0.5,30,66,3,120.34553100000001,23.554839,39
朴子,嘉義縣,70,細懸浮微粒,普通,2.4,0.19,51,36.0,48.0,12.0,4.4,6.3,2.0,2.7,352.0,2019-12-13 14:00,,0.4,23,58,2,120.24781000000002,23.467123,40
臺西,雲林縣,49,,良好,1.4,0.13,52,43.0,37.0,9.0,,,,8.8,14.0,2019-12-13 14:00,,0.2,15,38,2,120.20284199999999,23.717533,41
嘉義,嘉義市,91,細懸浮微粒,普通,2.1,0.3,52,33.0,36.0,15.0,8.8,10.0,1.5,3.1,337.0,2019-12-13 14:00,,0.6,32,56,4,120.44083300000001,23.462778,42
新營,臺南市,82,細懸浮微粒,普通,1.6,0.22,54,32.0,40.0,14.0,6.7,7.7,1.0,3.6,347.0,2019-12-13 14:00,,0.5,28,58,3,120.31725,23.305633,43
善化,臺南市,77,細懸浮微粒,普通,2.9,0.19,56,36.0,38.0,10.0,6.9,8.1,1.2,5.5,342.0,2019-12-13 14:00,,0.4,26,53,3,120.297142,23.115097,44
安南,臺南市,84,細懸浮微粒,普通,2.2,0.22,58,36.0,35.0,21.0,6.8,7.5,0.8,4.8,348.0,2019-12-13 14:00,,0.5,29,56,3,120.2175,23.048197000000002,45
臺南,臺南市,82,細懸浮微粒,普通,2.1,0.27,54,35.0,37.0,18.0,7.9,9.4,1.5,2.7,355.0,2019-12-13 14:00,,0.5,28,53,3,120.20261699999999,22.984581,46
美濃,高雄市,48,,良好,0.6,0.19,55,29.0,22.0,10.0,2.7,4.7,2.0,1.5,311.0,2019-12-13 14:00,,0.3,15,26,1,120.530542,22.883582999999998,47
橋頭,高雄市,82,細懸浮微粒,普通,3.1,0.25,63,35.0,43.0,17.0,11.0,12.0,1.2,4.9,324.0,2019-12-13 14:00,,0.5,28,57,4,120.30568899999999,22.757506,48
仁武,高雄市,83,細懸浮微粒,普通,2.7,0.25,64,31.0,53.0,22.0,13.0,14.0,1.2,4.4,338.0,2019-12-13 14:00,,0.5,28,63,4,120.332631,22.689056,49
鳳山,高雄市,71,細懸浮微粒,普通,2.2,0.29,65,35.0,43.0,18.0,13.0,14.0,1.3,2.6,330.0,2019-12-13 14:00,,0.5,24,58,3,120.35808300000001,22.627392,50
大寮,高雄市,71,細懸浮微粒,普通,-0.1,0.17,59,32.0,42.0,15.0,7.0,9.0,1.9,2.2,339.0,2019-12-13 14:00,,0.4,24,49,4,120.425081,22.565747,51
林園,高雄市,70,細懸浮微粒,普通,2.5,0.33,63,37.0,35.0,14.0,11.0,12.0,0.9,3.5,350.0,2019-12-13 14:00,,0.4,23,52,4,120.41175,22.4795,52
楠梓,高雄市,81,細懸浮微粒,普通,1.6,0.26,65,35.0,49.0,21.0,7.8,8.9,1.1,3.3,321.0,2019-12-13 14:00,,0.5,28,63,2,120.32828899999998,22.733667,53
左營,高雄市,79,細懸浮微粒,普通,2.4,0.28,63,39.0,37.0,13.0,8.1,9.2,1.1,3.1,342.0,2019-12-13 14:00,,0.5,27,55,3,120.29291699999999,22.674861,54
前金,高雄市,87,細懸浮微粒,普通,0.8,0.32,69,39.0,43.0,22.0,6.8,8.5,1.7,4.1,300.0,2019-12-13 14:00,,0.6,30,59,2,120.288086,22.632567,56
前鎮,高雄市,80,細懸浮微粒,普通,1.7,0.38,64,36.0,50.0,18.0,17.0,21.0,3.8,2.9,355.0,2019-12-13 14:00,,0.6,27,60,3,120.30756399999999,22.605386,57
小港,高雄市,81,細懸浮微粒,普通,1.7,0.28,63,34.0,44.0,19.0,11.0,14.0,2.4,3.3,303.0,2019-12-13 14:00,,0.5,28,60,3,120.337736,22.565832999999998,58
屏東,屏東縣,51,細懸浮微粒,普通,1.1,0.22,60,38.0,34.0,9.0,6.5,6.9,0.5,3.0,312.0,2019-12-13 14:00,,0.3,16,39,3,120.488033,22.673081,59
潮州,屏東縣,59,細懸浮微粒,普通,0.4,0.23,59,33.0,22.0,10.0,5.9,6.3,0.4,1.6,295.0,2019-12-13 14:00,,0.3,19,33,2,120.561175,22.523107999999997,60
恆春,屏東縣,53,細懸浮微粒,普通,1.2,0.28,55,53.0,26.0,13.0,2.1,2.5,0.4,6.8,45.0,2019-12-13 14:00,,0.3,16,30,1,120.788928,21.958069000000002,61
臺東,臺東縣,49,,良好,1.5,0.41,54,39.0,29.0,10.0,5.3,6.6,1.3,3.4,45.0,2019-12-13 14:00,,0.4,15,31,2,121.15045,22.755357999999998,62
花蓮,花蓮縣,44,,良好,1.6,0.25,52,35.0,31.0,14.0,3.7,5.4,1.7,1.1,74.0,2019-12-13 14:00,,0.3,14,30,1,121.599769,23.971306,63
陽明,臺北市,36,,良好,1.1,0.15,42,39.0,24.0,6.0,0.8,1.1,0.3,,,2019-12-13 14:00,,0.2,9,20,1,121.529583,25.182722000000002,64
宜蘭,宜蘭縣,31,,良好,1.4,0.24,45,33.0,31.0,,,,,2.4,70.0,2019-12-13 14:00,,0.3,9,27,1,121.746394,24.747917,65
冬山,宜蘭縣,31,,良好,1.2,0.23,38,27.0,39.0,10.0,9.3,12.0,3.1,2.8,25.0,2019-12-13 14:00,,0.3,10,32,2,121.792928,24.632203,66
三重,新北市,53,細懸浮微粒,普通,4.6,1.12,-,,42.0,13.0,30.0,75.0,45.0,,,2019-12-13 14:00,,1.5,17,42,4,121.493806,25.072611,67
中壢,桃園市,51,細懸浮微粒,普通,2.4,0.48,30,16.0,32.0,13.0,21.0,31.0,9.5,1.5,12.0,2019-12-13 14:00,,1.1,16,37,3,121.221667,24.953278,68
竹山,南投縣,76,細懸浮微粒,普通,2.0,0.19,60,35.0,46.0,22.0,9.6,11.0,1.2,2.5,288.0,2019-12-13 14:00,,0.2,26,44,2,120.677306,23.756389000000002,69
永和,新北市,35,,良好,1.9,0.4,37,24.0,35.0,9.0,14.0,20.0,6.2,3.1,67.0,2019-12-13 14:00,,1.0,11,35,2,121.516306,25.017,70
復興,高雄市,87,細懸浮微粒,普通,2.1,0.39,58,30.0,49.0,21.0,16.0,20.0,3.7,1.8,274.0,2019-12-13 14:00,,0.8,30,60,3,120.312017,22.608711,71
埔里,南投縣,59,細懸浮微粒,普通,1.0,0.18,54,28.0,19.0,10.0,6.5,7.7,1.2,3.2,289.0,2019-12-13 14:00,,0.4,19,27,2,120.967903,23.968842000000002,72
富貴角,新北市,50,,良好,0.2,0.15,46,44.0,47.0,12.0,1.3,1.5,0.2,6.0,44.0,2019-12-13 14:00,,0.2,12,54,1,121.536763,25.298562,84
臺南(麻豆),臺南市,79,細懸浮微粒,普通,4.8,0.06,56,35.0,40.0,13.0,5.9,7.0,1.2,2.8,329.0,2019-12-13 14:00,,0.2,27,56,4,,,201
彰化(大城),彰化縣,52,細懸浮微粒,普通,,,54,42.0,38.0,11.0,,,,,,2019-12-13 14:00,,0.2,16,44,2,,,202
新北(樹林),新北市,46,,良好,,,,19.0,,,,,,0.9,207.0,2019-12-13 14:00,,0.5,14,34,2,120.34874199999999,23.757547,203
屏東(琉球),屏東縣,81,細懸浮微粒,普通,2.9,0.25,81,44.0,44.0,21.0,9.7,11.0,0.8,5.5,319.0,2019-12-13 14:00,,0.5,28,54,5,,,204
楠梓加工出口區,高雄市,92,細懸浮微粒,普通,,0.27,52,31.0,43.0,22.0,12.0,13.0,1.3,1.3,302.0,2019-12-13 14:00,,0.5,32,56,16,,,310
高雄(楠梓),高雄市,92,細懸浮微粒,普通,,0.27,52,31.0,43.0,22.0,12.0,13.0,1.3,1.3,302.0,2019-12-13 14:00,,0.5,32,56,16,,,310
新北(樹林),新北市,44,,良好,2.3,0.35,,21.0,39.0,14.0,21.0,27.0,6.6,1.1,159.0,2019-12-13 15:00,,0.5,14,35,2,120.34874199999999,23.757547,203
屏東(琉球),屏東縣,77,細懸浮微粒,普通,2.9,0.24,78,51.0,46.0,22.0,8.7,9.2,0.5,5.5,318.0,2019-12-13 15:00,,0.5,26,52,5,,,204
楠梓加工出口區,高雄市,84,細懸浮微粒,普通,,0.27,46,36.0,,20.0,15.0,16.0,1.8,1.3,296.0,2019-12-13 15:00,,0.4,29,54,16,,,310
高雄(楠梓),高雄市,84,細懸浮微粒,普通,,0.27,46,36.0,,20.0,15.0,16.0,1.8,1.3,296.0,2019-12-13 15:00,,0.4,29,54,16,,,310
富貴角,新北市,48,,良好,0.1,0.14,46,44.0,47.0,13.0,0.8,0.9,0.1,5.2,42.0,2019-12-13 15:00,,0.2,12,52,1,121.536763,25.298562,84
臺南(麻豆),臺南市,72,細懸浮微粒,普通,4.5,0.06,53,41.0,38.0,16.0,5.5,6.8,1.3,2.6,46.0,2019-12-13 15:00,,0.2,24,51,4,,,201
彰化(大城),彰化縣,50,,良好,,,54,47.0,38.0,14.0,,,,6.1,67.0,2019-12-13 15:00,,0.2,15,41,2,,,202
汐止,新北市,43,,良好,3.4,0.21,40,28.0,29.0,16.0,10.0,13.0,2.9,3.2,34.0,2019-12-13 15:00,,0.5,13,33,4,121.6423,25.067131,2
萬里,新北市,44,,良好,1.8,0.21,45,35.0,69.0,11.0,7.2,9.5,2.3,2.2,17.0,2019-12-13 15:00,,0.3,12,47,2,121.689881,25.179667000000002,3
新店,新北市,37,,良好,1.9,0.3,37,29.0,30.0,14.0,,,,1.9,22.0,2019-12-13 15:00,,0.4,12,27,2,121.537778,24.977222,4
土城,新北市,35,,良好,2.1,0.3,40,31.0,43.0,9.0,11.0,13.0,1.9,1.8,335.0,2019-12-13 15:00,,0.6,11,36,2,121.45186100000001,24.982528,5
板橋,新北市,45,,良好,8.2,0.35,32,27.0,34.0,16.0,19.0,23.0,4.6,3.7,79.0,2019-12-13 15:00,,0.6,14,35,4,121.45866699999999,25.012972,6
新莊,新北市,41,,良好,3.2,0.27,40,32.0,,13.0,,,,5.0,50.0,2019-12-13 15:00,,0.5,13,43,2,121.4325,25.037972,7
菜寮,新北市,42,,良好,1.6,0.31,36,27.0,28.0,11.0,8.7,12.0,3.5,3.4,100.0,2019-12-13 15:00,,0.6,13,32,3,121.48102800000001,25.06895,8
林口,新北市,42,,良好,,,,29.0,,14.0,,,,3.9,60.0,2019-12-13 15:00,,0.4,13,37,3,121.376869,25.077197,9
淡水,新北市,43,,良好,0.6,0.21,40,29.0,27.0,14.0,6.5,8.0,1.6,,,2019-12-13 15:00,,0.4,13,32,1,121.44923899999999,25.1645,10
士林,臺北市,32,,良好,0.9,0.23,42,34.0,28.0,9.0,8.2,9.5,1.3,2.5,94.0,2019-12-13 15:00,,0.4,10,30,3,121.51538899999998,25.105417000000003,11
中山,臺北市,39,,良好,1.9,0.41,31,23.0,29.0,8.0,18.0,24.0,6.0,2.7,92.0,2019-12-13 15:00,,0.6,12,33,2,121.526528,25.062361,12
萬華,臺北市,43,,良好,3.7,0.3,33,25.0,35.0,14.0,16.0,20.0,4.8,3.3,94.0,2019-12-13 15:00,,0.5,13,36,1,121.507972,25.046503,13
古亭,臺北市,34,,良好,2.4,0.34,36,28.0,32.0,9.0,14.0,17.0,3.0,1.9,80.0,2019-12-13 15:00,,0.5,10,32,1,121.529556,25.020608,14
松山,臺北市,44,,良好,5.3,0.25,34,26.0,45.0,14.0,15.0,20.0,5.3,3.7,47.0,2019-12-13 15:00,,0.4,14,39,2,121.57861100000001,25.05,15
大同,臺北市,52,細懸浮微粒,普通,1.8,0.61,-,,38.0,13.0,27.0,53.0,26.0,,,2019-12-13 15:00,,1.3,16,41,3,121.51331100000002,25.0632,16
桃園,桃園市,46,,良好,3.6,0.43,30,26.0,38.0,14.0,16.0,19.0,3.3,2.0,54.0,2019-12-13 15:00,,0.7,14,34,4,121.304383,24.995368,17
大園,桃園市,41,,良好,2.0,0.19,44,37.0,34.0,13.0,7.8,11.0,3.4,7.4,35.0,2019-12-13 15:00,,0.3,13,36,4,121.201811,25.060344,18
觀音,桃園市,36,,良好,1.6,0.15,46,39.0,34.0,8.0,3.4,3.7,0.3,,,2019-12-13 15:00,,0.2,10,35,5,121.082761,25.035503,19
平鎮,桃園市,44,,良好,2.3,0.3,37,31.0,38.0,11.0,14.0,18.0,4.3,3.2,23.0,2019-12-13 15:00,,0.6,14,38,3,121.20398600000001,24.952786,20
龍潭,桃園市,46,,良好,4.4,0.37,40,34.0,37.0,13.0,13.0,16.0,3.1,2.6,9.1,2019-12-13 15:00,,0.5,14,31,3,121.21635,24.863869,21
湖口,新竹縣,46,,良好,2.1,0.17,46,38.0,34.0,14.0,3.8,3.8,0.0,4.2,30.0,2019-12-13 15:00,,0.3,14,35,3,121.038653,24.900142000000002,22
竹東,新竹縣,46,,良好,2.5,0.28,44,36.0,39.0,18.0,12.0,14.0,2.6,2.7,343.0,2019-12-13 15:00,,0.4,14,32,2,121.088903,24.740644,23
新竹,新竹市,43,,良好,2.0,0.22,46,36.0,37.0,8.0,6.9,7.7,0.8,2.3,58.0,2019-12-13 15:00,,0.3,13,36,2,120.972075,24.805619,24
頭份,苗栗縣,51,細懸浮微粒,普通,1.1,0.23,40,30.0,40.0,14.0,6.7,9.1,2.4,3.3,358.0,2019-12-13 15:00,,0.4,16,40,1,120.898572,24.696969,25
苗栗,苗栗縣,56,細懸浮微粒,普通,1.6,0.23,35,23.0,35.0,13.0,6.6,8.6,2.0,4.0,5.5,2019-12-13 15:00,,0.5,18,38,2,120.8202,24.565269,26
三義,苗栗縣,64,細懸浮微粒,普通,2.3,0.21,47,42.0,37.0,17.0,7.3,8.4,1.1,4.2,43.0,2019-12-13 15:00,,0.3,21,38,2,120.75883300000001,24.382942,27
豐原,臺中市,71,細懸浮微粒,普通,2.4,0.26,51,39.0,42.0,20.0,8.5,11.0,2.6,2.3,333.0,2019-12-13 15:00,,0.5,24,45,2,120.74171100000001,24.256586,28
沙鹿,臺中市,61,細懸浮微粒,普通,1.8,0.16,49,35.0,35.0,14.0,5.4,6.5,1.0,5.5,354.0,2019-12-13 15:00,,0.4,20,41,2,120.568794,24.225628,29
大里,臺中市,83,細懸浮微粒,普通,2.7,0.28,48,32.0,44.0,,11.0,13.0,2.2,2.4,339.0,2019-12-13 15:00,,0.6,29,55,3,120.67768899999999,24.099611,30
忠明,臺中市,78,細懸浮微粒,普通,1.6,0.26,47,33.0,44.0,15.0,11.0,14.0,2.3,2.7,319.0,2019-12-13 15:00,,0.7,26,51,3,120.64109199999999,24.151958,31
西屯,臺中市,75,細懸浮微粒,普通,2.4,0.18,51,35.0,51.0,19.0,8.5,11.0,2.1,4.2,349.0,2019-12-13 15:00,,0.5,25,56,2,120.61691699999999,24.162197,32
彰化,彰化縣,66,細懸浮微粒,普通,2.1,0.3,44,33.0,50.0,16.0,9.9,10.0,0.5,3.4,348.0,2019-12-13 15:00,,0.6,22,47,2,120.541519,24.066,33
線西,彰化縣,53,細懸浮微粒,普通,4.0,0.21,45,36.0,47.0,16.0,9.6,11.0,1.6,5.5,28.0,2019-12-13 15:00,,0.3,16,47,4,120.46906100000001,24.131672000000002,34
二林,彰化縣,56,細懸浮微粒,普通,3.4,0.22,44,36.0,49.0,10.0,7.7,9.8,2.0,4.8,5.9,2019-12-13 15:00,,0.4,18,49,4,120.409653,23.925175,35
南投,南投縣,68,細懸浮微粒,普通,0.1,0.32,62,43.0,45.0,19.0,12.0,15.0,3.3,2.2,4.4,2019-12-13 15:00,,0.4,22,41,2,120.68530600000001,23.913,36
斗六,雲林縣,89,細懸浮微粒,普通,1.8,0.26,53,40.0,64.0,19.0,10.0,12.0,1.9,3.0,334.0,2019-12-13 15:00,,0.4,31,65,2,120.54499399999999,23.711853,37
崙背,雲林縣,65,細懸浮微粒,普通,2.5,0.18,50,40.0,52.0,15.0,6.1,7.6,1.6,2.4,317.0,2019-12-13 15:00,,0.3,21,55,3,120.34874199999999,23.757547,38
新港,嘉義縣,76,細懸浮微粒,普通,2.0,0.19,53,41.0,58.0,12.0,6.2,6.8,0.6,4.2,348.0,2019-12-13 15:00,,0.4,26,64,3,120.34553100000001,23.554839,39
朴子,嘉義縣,65,細懸浮微粒,普通,2.3,0.18,51,42.0,51.0,12.0,3.8,5.7,1.9,2.7,3.5,2019-12-13 15:00,,0.4,21,56,2,120.24781000000002,23.467123,40
臺西,雲林縣,46,,良好,2.0,0.15,,44.0,41.0,11.0,3.8,6.3,2.5,8.5,13.0,2019-12-13 15:00,,0.2,14,38,2,120.20284199999999,23.717533,41
嘉義,嘉義市,82,細懸浮微粒,普通,2.0,0.29,49,38.0,39.0,17.0,8.4,9.1,0.7,2.6,357.0,2019-12-13 15:00,,0.5,28,52,4,120.44083300000001,23.462778,42
新營,臺南市,72,細懸浮微粒,普通,1.4,0.2,51,38.0,41.0,11.0,6.5,7.6,1.2,3.6,353.0,2019-12-13 15:00,,0.4,24,53,3,120.31725,23.305633,43
善化,臺南市,67,細懸浮微粒,普通,2.6,0.16,54,42.0,35.0,7.0,6.2,7.3,1.1,5.2,347.0,2019-12-13 15:00,,0.4,22,49,3,120.297142,23.115097,44
安南,臺南市,77,細懸浮微粒,普通,1.8,0.18,55,42.0,39.0,18.0,5.9,6.6,0.7,4.9,343.0,2019-12-13 15:00,,0.4,26,51,3,120.2175,23.048197000000002,45
臺南,臺南市,74,細懸浮微粒,普通,1.9,0.26,51,40.0,44.0,13.0,7.8,9.1,1.4,2.4,347.0,2019-12-13 15:00,,0.5,25,50,3,120.20261699999999,22.984581,46
美濃,高雄市,50,,良好,0.9,0.24,63,37.0,34.0,18.0,4.5,7.3,2.8,1.9,333.0,2019-12-13 15:00,,0.3,15,27,1,120.530542,22.883582999999998,47
橋頭,高雄市,74,細懸浮微粒,普通,3.3,0.26,57,42.0,38.0,16.0,12.0,14.0,1.3,3.6,349.0,2019-12-13 15:00,,0.4,25,53,4,120.30568899999999,22.757506,48
仁武,高雄市,75,細懸浮微粒,普通,2.2,0.25,60,38.0,43.0,16.0,13.0,15.0,1.2,4.4,331.0,2019-12-13 15:00,,0.5,25,59,3,120.332631,22.689056,49
鳳山,高雄市,66,細懸浮微粒,普通,2.0,0.31,62,42.0,46.0,16.0,15.0,16.0,1.2,2.7,320.0,2019-12-13 15:00,,0.5,22,55,3,120.35808300000001,22.627392,50
大寮,高雄市,65,細懸浮微粒,普通,2.8,0.19,66,39.0,49.0,12.0,10.0,12.0,1.9,3.5,333.0,2019-12-13 15:00,,0.3,21,48,4,120.425081,22.565747,51
林園,高雄市,68,細懸浮微粒,普通,3.0,0.4,70,43.0,45.0,20.0,13.0,14.0,1.0,4.3,349.0,2019-12-13 15:00,,0.4,23,49,4,120.41175,22.4795,52
楠梓,高雄市,75,細懸浮微粒,普通,1.8,0.25,61,42.0,63.0,17.0,8.1,9.3,1.1,3.8,315.0,2019-12-13 15:00,,0.4,25,63,2,120.32828899999998,22.733667,53
左營,高雄市,73,細懸浮微粒,普通,2.9,0.23,58,45.0,53.0,19.0,8.0,9.1,1.1,4.8,293.0,2019-12-13 15:00,,0.5,24,54,3,120.29291699999999,22.674861,54
前金,高雄市,82,細懸浮微粒,普通,1.2,0.28,62,46.0,55.0,23.0,6.6,8.1,1.5,3.9,316.0,2019-12-13 15:00,,0.5,28,57,2,120.288086,22.632567,56
前鎮,高雄市,74,細懸浮微粒,普通,1.8,0.35,60,42.0,63.0,17.0,14.0,17.0,3.3,2.7,341.0,2019-12-13 15:00,,0.6,25,60,3,120.30756399999999,22.605386,57
小港,高雄市,76,細懸浮微粒,普通,1.7,0.29,64,41.0,54.0,21.0,12.0,14.0,2.4,3.9,309.0,2019-12-13 15:00,,0.5,26,59,3,120.337736,22.565832999999998,58
屏東,屏東縣,50,,良好,1.0,0.27,67,44.0,43.0,17.0,9.0,9.5,0.4,2.7,314.0,2019-12-13 15:00,,0.3,15,38,2,120.488033,22.673081,59
潮州,屏東縣,56,細懸浮微粒,普通,0.4,0.23,62,40.0,27.0,13.0,6.4,6.8,0.4,1.6,312.0,2019-12-13 15:00,,0.3,18,32,2,120.561175,22.523107999999997,60
恆春,屏東縣,53,細懸浮微粒,普通,1.3,0.27,57,53.0,24.0,18.0,2.2,2.4,0.3,7.0,35.0,2019-12-13 15:00,,0.3,16,29,1,120.788928,21.958069000000002,61
臺東,臺東縣,48,,良好,1.5,0.42,53,42.0,36.0,14.0,6.8,8.1,1.3,2.6,47.0,2019-12-13 15:00,,0.4,15,31,2,121.15045,22.755357999999998,62
花蓮,花蓮縣,42,,良好,1.4,0.24,51,38.0,31.0,13.0,4.1,6.1,2.0,1.7,58.0,2019-12-13 15:00,,0.3,13,29,1,121.599769,23.971306,63
陽明,臺北市,37,,良好,,0.16,41,40.0,17.0,9.0,,,,,,2019-12-13 15:00,,0.2,8,20,1,121.529583,25.182722000000002,64
宜蘭,宜蘭縣,32,,良好,1.4,0.24,44,35.0,,11.0,,,,2.1,99.0,2019-12-13 15:00,,0.3,9,27,1,121.746394,24.747917,65
冬山,宜蘭縣,33,,良好,1.2,0.23,40,31.0,30.0,11.0,9.5,12.0,2.6,2.8,32.0,2019-12-13 15:00,,0.3,10,31,2,121.792928,24.632203,66
三重,新北市,50,,良好,3.1,1.06,-,,33.0,12.0,34.0,87.0,53.0,,,2019-12-13 15:00,,1.4,15,41,4,121.493806,25.072611,67
中壢,桃園市,50,,良好,2.8,0.52,25,19.0,36.0,13.0,25.0,38.0,13.0,1.2,26.0,2019-12-13 15:00,,1.0,15,37,3,121.221667,24.953278,68
竹山,南投縣,75,細懸浮微粒,普通,1.2,0.14,63,41.0,40.0,20.0,7.3,8.2,1.0,1.5,292.0,2019-12-13 15:00,,0.2,25,44,2,120.677306,23.756389000000002,69
永和,新北市,35,,良好,2.9,0.41,33,26.0,30.0,10.0,17.0,23.0,6.9,2.4,84.0,2019-12-13 15:00,,0.9,11,34,2,121.516306,25.017,70
復興,高雄市,81,細懸浮微粒,普通,2.1,0.37,54,36.0,48.0,16.0,14.0,17.0,3.3,1.8,288.0,2019-12-13 15:00,,0.8,28,57,3,120.312017,22.608711,71
埔里,南投縣,54,細懸浮微粒,普通,1.2,0.32,73,38.0,41.0,19.0,12.0,13.0,1.0,4.4,281.0,2019-12-13 15:00,,0.4,17,29,2,120.967903,23.968842000000002,72
馬祖,連江縣,52,細懸浮微粒,普通,1.7,0.2,51,46.0,32.0,17.0,6.7,8.1,1.4,1.7,356.0,2019-12-13 15:00,,0.2,16,35,2,119.949875,26.160469,75
金門,金門縣,63,細懸浮微粒,普通,3.3,0.21,57,46.0,58.0,21.0,6.6,7.4,0.8,3.5,88.0,2019-12-13 15:00,,0.3,21,59,3,118.312256,24.432133,77
馬公,澎湖縣,53,細懸浮微粒,普通,1.9,0.18,59,50.0,49.0,15.0,2.7,3.5,0.8,5.7,18.0,2019-12-13 15:00,,0.2,16,46,2,119.566158,23.569031,78
關山,臺東縣,39,,良好,1.4,-,41,31.0,17.0,11.0,3.3,4.1,0.7,1.0,148.0,2019-12-13 15:00,,,12,21,2,121.161933,23.045082999999998,80
麥寮,雲林縣,58,細懸浮微粒,普通,0.5,0.21,44,38.0,46.0,23.0,7.0,8.5,1.5,4.6,7.3,2019-12-13 15:00,,0.3,18,50,1,120.251825,23.753505999999998,83
桃園(觀音工業區),桃園市,44,,良好,1.2,0.1,29,26.0,45.0,11.0,12.0,17.0,5.0,3.3,33.0,2019-12-13 15:00,,0.1,14,48,2,,,312
高雄(左營),高雄市,76,細懸浮微粒,普通,0.9,0.23,55,39.0,,16.0,9.4,11.0,1.1,1.8,40.0,2019-12-13 15:00,,0.4,26,66,1,,,313
基隆,基隆市,34,,良好,1.7,0.2,41,36.0,33,9,6.2,7.4,1.2,1.3,76.0,2019-12-13 16:00,,0.3,11,33,2,121.760056,25.129167000000002,1
汐止,新北市,41,,良好,3.0,0.22,36,32.0,31,9,14.0,18.0,4.0,3.4,28.0,2019-12-13 16:00,,0.4,13,33,4,121.6423,25.067131,2
萬里,新北市,46,,良好,1.6,0.19,48,40.0,62,14,7.4,9.5,2.1,1.6,347.0,2019-12-13 16:00,,0.2,12,50,2,121.689881,25.179667000000002,3
新店,新北市,39,,良好,2.0,0.33,33,32.0,29,13,,,,1.6,86.0,2019-12-13 16:00,,0.4,12,27,2,121.537778,24.977222,4
土城,新北市,34,,良好,2.3,0.3,38,35.0,34,9,12.0,14.0,1.5,1.5,327.0,2019-12-13 16:00,,0.5,10,35,2,121.45186100000001,24.982528,5
板橋,新北市,44,,良好,8.0,0.34,30,30.0,34,11,21.0,25.0,4.4,2.5,79.0,2019-12-13 16:00,,0.5,14,35,5,121.45866699999999,25.012972,6
新莊,新北市,41,,良好,3.4,0.27,39,36.0,36,11,11.0,14.0,2.6,5.5,63.0,2019-12-13 16:00,,0.4,13,41,2,121.4325,25.037972,7
菜寮,新北市,40,,良好,2.0,0.32,33,31.0,32,11,10.0,14.0,3.3,3.4,81.0,2019-12-13 16:00,,0.5,12,32,2,121.48102800000001,25.06895,8
林口,新北市,44,,良好,1.8,0.27,27,30.0,33,15,17.0,25.0,8.1,2.3,85.0,2019-12-13 16:00,,0.4,14,36,3,121.376869,25.077197,9
淡水,新北市,44,,良好,0.6,0.21,40,33.0,29,13,6.6,8.3,1.7,,,2019-12-13 16:00,,0.3,14,33,1,121.44923899999999,25.1645,10
士林,臺北市,34,,良好,1.1,0.22,40,37.0,29,7,9.7,12.0,1.9,3.3,100.0,2019-12-13 16:00,,0.3,9,30,3,121.51538899999998,25.105417000000003,11
中山,臺北市,39,,良好,4.0,0.44,26,25.0,35,13,23.0,31.0,8.0,2.7,105.0,2019-12-13 16:00,,0.5,12,33,2,121.526528,25.062361,12
萬華,臺北市,45,,良好,4.2,0.3,31,28.0,33,16,18.0,23.0,4.5,3.5,87.0,2019-12-13 16:00,,0.5,14,36,1,121.507972,25.046503,13
古亭,臺北市,34,,良好,3.0,0.34,33,31.0,29,9,15.0,18.0,2.4,1.9,62.0,2019-12-13 16:00,,0.5,10,32,1,121.529556,25.020608,14
臺西,雲林縣,47,,良好,,,53,47.0,39,17,,,,8.0,16.0,2019-12-13 16:00,,0.2,15,39,2,120.20284199999999,23.717533,41
宜蘭,宜蘭縣,35,,良好,1.5,0.27,41,38.0,33,10,,,,,,2019-12-13 16:00,,0.3,9,27,1,121.746394,24.747917,65
金門,金門縣,61,細懸浮微粒,普通,2.7,0.21,52,48.0,51,16,6.5,7.3,0.8,3.7,94.0,2019-12-13 16:00,,0.3,19,58,3,118.312256,24.432133,77
馬公,澎湖縣,53,細懸浮微粒,普通,1.7,0.19,60,52.0,43,16,2.8,3.7,0.9,4.7,23.0,2019-12-13 16:00,,0.2,16,45,2,119.566158,23.569031,78
關山,臺東縣,40,,良好,1.5,-,39,34.0,22,14,3.1,3.7,0.7,1.2,356.0,2019-12-13 16:00,,,12,21,2,121.161933,23.045082999999998,80
彰化(大城),彰化縣,48,,良好,2.1,0.24,55,50.0,32,12,,,,6.4,68.0,2019-12-13 16:00,,0.2,15,40,2,,,202
松山,臺北市,44,,良好,6.7,0.24,32,29.0,31,13,17.0,22.0,5.1,2.7,42.0,2019-12-13 16:00,,0.4,13,38,2,121.57861100000001,25.05,15
大同,臺北市,51,細懸浮微粒,普通,2.9,0.55,-,,32,14,30.0,54.0,25.0,,,2019-12-13 16:00,,0.9,16,39,3,121.51331100000002,25.0632,16
桃園,桃園市,47,,良好,4.2,0.45,30,29.0,36,13,16.0,19.0,3.1,2.2,64.0,2019-12-13 16:00,,0.6,15,35,4,121.304383,24.995368,17
大園,桃園市,41,,良好,2.0,0.19,43,40.0,33,12,8.5,12.0,3.1,6.9,31.0,2019-12-13 16:00,,0.2,13,35,4,121.201811,25.060344,18
觀音,桃園市,39,,良好,1.5,0.15,45,42.0,38,8,4.3,4.8,0.5,5.3,47.0,2019-12-13 16:00,,0.2,10,35,5,121.082761,25.035503,19
平鎮,桃園市,44,,良好,2.4,0.33,32,34.0,35,14,17.0,21.0,4.2,2.4,15.0,2019-12-13 16:00,,0.4,14,37,3,121.20398600000001,24.952786,20
龍潭,桃園市,49,,良好,4.9,0.37,37,38.0,34,16,15.0,17.0,2.2,3.5,62.0,2019-12-13 16:00,,0.4,15,32,3,121.21635,24.863869,21
湖口,新竹縣,46,,良好,2.2,0.17,45,41.0,35,13,4.0,4.2,0.2,3.8,34.0,2019-12-13 16:00,,0.3,14,35,3,121.038653,24.900142000000002,22
竹東,新竹縣,47,,良好,2.5,0.32,39,40.0,39,13,14.0,16.0,2.1,2.4,1.4,2019-12-13 16:00,,0.3,15,34,2,121.088903,24.740644,23
新竹,新竹市,43,,良好,2.1,0.23,43,39.0,40,14,7.7,8.6,0.9,2.9,47.0,2019-12-13 16:00,,0.3,13,37,2,120.972075,24.805619,24
頭份,苗栗縣,47,,良好,2.1,0.26,38,34.0,44,12,11.0,13.0,2.6,2.3,18.0,2019-12-13 16:00,,0.3,15,40,1,120.898572,24.696969,25
苗栗,苗栗縣,53,細懸浮微粒,普通,1.6,0.24,34,27.0,45,13,6.7,8.3,1.6,3.4,9.3,2019-12-13 16:00,,0.4,17,39,2,120.8202,24.565269,26
三義,苗栗縣,59,細懸浮微粒,普通,2.2,0.2,42,45.0,36,11,6.8,8.3,1.5,4.6,37.0,2019-12-13 16:00,,0.3,19,38,2,120.75883300000001,24.382942,27
豐原,臺中市,68,細懸浮微粒,普通,3.4,0.26,46,42.0,45,18,11.0,14.0,2.9,2.9,345.0,2019-12-13 16:00,,0.5,23,44,2,120.74171100000001,24.256586,28
沙鹿,臺中市,55,細懸浮微粒,普通,1.4,0.16,47,41.0,42,14,6.0,7.1,1.1,5.7,2.0,2019-12-13 16:00,,0.3,17,41,2,120.568794,24.225628,29
大里,臺中市,72,細懸浮微粒,普通,2.9,0.31,45,37.0,46,11,14.0,16.0,2.1,2.5,342.0,2019-12-13 16:00,,0.5,24,50,3,120.67768899999999,24.099611,30
忠明,臺中市,74,細懸浮微粒,普通,1.7,0.28,42,38.0,46,18,14.0,16.0,2.6,2.5,337.0,2019-12-13 16:00,,0.6,25,50,3,120.64109199999999,24.151958,31
西屯,臺中市,72,細懸浮微粒,普通,2.2,0.19,46,40.0,54,16,10.0,13.0,2.1,3.6,353.0,2019-12-13 16:00,,0.4,24,55,2,120.61691699999999,24.162197,32
彰化,彰化縣,63,細懸浮微粒,普通,2.2,0.3,41,37.0,51,14,11.0,12.0,1.0,4.2,346.0,2019-12-13 16:00,,0.5,20,48,2,120.541519,24.066,33
線西,彰化縣,49,,良好,3.4,0.17,43,40.0,50,12,8.5,9.3,0.8,5.1,19.0,2019-12-13 16:00,,0.3,15,48,4,120.46906100000001,24.131672000000002,34
二林,彰化縣,56,細懸浮微粒,普通,2.5,0.2,41,39.0,42,15,7.5,8.9,1.4,5.2,5.0,2019-12-13 16:00,,0.3,17,48,4,120.409653,23.925175,35
南投,南投縣,68,細懸浮微粒,普通,0.2,0.36,53,49.0,46,17,16.0,20.0,3.9,2.3,317.0,2019-12-13 16:00,,0.4,23,43,2,120.68530600000001,23.913,36
斗六,雲林縣,76,細懸浮微粒,普通,1.4,0.26,55,46.0,63,16,12.0,13.0,1.7,2.3,327.0,2019-12-13 16:00,,0.3,26,61,2,120.54499399999999,23.711853,37
崙背,雲林縣,63,細懸浮微粒,普通,2.7,0.19,47,44.0,50,18,8.0,9.9,1.9,2.4,13.0,2019-12-13 16:00,,0.3,20,54,3,120.34874199999999,23.757547,38
新港,嘉義縣,72,細懸浮微粒,普通,2.1,0.21,51,46.0,56,19,6.8,7.4,0.6,3.4,333.0,2019-12-13 16:00,,0.4,24,62,3,120.34553100000001,23.554839,39
朴子,嘉義縣,57,細懸浮微粒,普通,2.4,0.2,51,46.0,54,11,4.6,7.2,2.6,2.2,350.0,2019-12-13 16:00,,0.3,18,54,2,120.24781000000002,23.467123,40
嘉義,嘉義市,76,細懸浮微粒,普通,2.5,0.35,48,43.0,52,20,12.0,13.0,1.0,3.3,345.0,2019-12-13 16:00,,0.5,26,51,4,120.44083300000001,23.462778,42
新營,臺南市,66,細懸浮微粒,普通,1.4,0.22,51,44.0,48,15,7.0,8.2,1.2,3.3,12.0,2019-12-13 16:00,,0.4,22,51,2,120.31725,23.305633,43
善化,臺南市,60,細懸浮微粒,普通,2.4,0.17,52,47.0,44,11,6.5,7.5,1.1,4.3,3.6,2019-12-13 16:00,,0.3,19,48,3,120.297142,23.115097,44
安南,臺南市,71,細懸浮微粒,普通,1.7,0.18,53,47.0,34,15,6.1,6.8,0.7,3.5,340.0,2019-12-13 16:00,,0.4,24,48,2,120.2175,23.048197000000002,45
臺南,臺南市,68,細懸浮微粒,普通,1.8,0.26,49,45.0,36,12,8.2,9.8,1.6,2.1,1.6,2019-12-13 16:00,,0.4,23,47,3,120.20261699999999,22.984581,46
美濃,高雄市,50,,良好,1.0,0.24,59,44.0,37,14,4.8,7.4,2.6,1.8,321.0,2019-12-13 16:00,,0.2,15,30,1,120.530542,22.883582999999998,47
橋頭,高雄市,70,細懸浮微粒,普通,3.2,0.25,52,48.0,43,13,13.0,15.0,1.5,3.4,354.0,2019-12-13 16:00,,0.4,23,51,4,120.30568899999999,22.757506,48
仁武,高雄市,71,細懸浮微粒,普通,2.3,0.27,52,44.0,55,15,17.0,18.0,1.5,4.6,339.0,2019-12-13 16:00,,0.4,24,58,3,120.332631,22.689056,49
鳳山,高雄市,65,細懸浮微粒,普通,2.3,0.33,53,48.0,52,17,17.0,19.0,1.5,2.4,316.0,2019-12-13 16:00,,0.4,21,54,3,120.35808300000001,22.627392,50
大寮,高雄市,63,細懸浮微粒,普通,3.7,0.21,59,45.0,53,17,13.0,15.0,2.0,3.4,335.0,2019-12-13 16:00,,0.3,20,49,4,120.425081,22.565747,51
林園,高雄市,67,細懸浮微粒,普通,4.0,0.51,61,49.0,50,21,19.0,20.0,1.3,4.5,340.0,2019-12-13 16:00,,0.4,22,49,4,120.41175,22.4795,52
楠梓,高雄市,73,細懸浮微粒,普通,1.8,0.27,54,48.0,64,15,10.0,11.0,1.1,3.9,304.0,2019-12-13 16:00,,0.4,24,62,2,120.32828899999998,22.733667,53
左營,高雄市,71,細懸浮微粒,普通,2.3,0.22,55,51.0,42,18,9.2,10.0,1.2,3.3,0.1,2019-12-13 16:00,,0.4,24,52,3,120.29291699999999,22.674861,54
前金,高雄市,77,細懸浮微粒,普通,0.7,0.26,54,52.0,48,15,6.4,8.1,1.8,3.8,331.0,2019-12-13 16:00,,0.4,26,57,2,120.288086,22.632567,56
前鎮,高雄市,73,細懸浮微粒,普通,1.6,0.36,50,47.0,119,20,17.0,21.0,4.2,3.2,16.0,2019-12-13 16:00,,0.5,25,71,3,120.30756399999999,22.605386,57
小港,高雄市,73,細懸浮微粒,普通,1.7,0.3,52,47.0,64,18,15.0,17.0,2.3,2.6,325.0,2019-12-13 16:00,,0.4,24,59,3,120.337736,22.565832999999998,58
屏東,屏東縣,50,,良好,1.7,0.3,63,49.0,44,15,11.0,11.0,0.7,3.1,314.0,2019-12-13 16:00,,0.3,15,40,2,120.488033,22.673081,59
潮州,屏東縣,55,細懸浮微粒,普通,0.5,0.25,66,47.0,30,16,7.7,8.1,0.5,1.5,336.0,2019-12-13 16:00,,0.3,17,31,1,120.561175,22.523107999999997,60
恆春,屏東縣,52,細懸浮微粒,普通,1.3,0.27,57,54.0,24,14,2.2,2.7,0.5,6.4,30.0,2019-12-13 16:00,,0.3,16,28,1,120.788928,21.958069000000002,61
臺東,臺東縣,45,,良好,1.5,0.46,50,45.0,33,11,9.1,11.0,1.9,2.5,29.0,2019-12-13 16:00,,0.4,14,31,2,121.15045,22.755357999999998,62
花蓮,花蓮縣,41,,良好,1.6,0.23,49,42.0,33,12,4.8,6.2,1.5,1.1,59.0,2019-12-13 16:00,,0.3,13,29,1,121.599769,23.971306,63
陽明,臺北市,37,,良好,1.0,0.15,40,40.0,11,7,2.1,3.0,1.0,,,2019-12-13 16:00,,0.2,8,18,1,121.529583,25.182722000000002,64
冬山,宜蘭縣,32,,良好,1.3,0.24,36,35.0,39,11,13.0,17.0,4.1,2.7,23.0,2019-12-13 16:00,,0.3,10,32,2,121.792928,24.632203,66
三重,新北市,49,,良好,3.6,1.08,-,,42,15,34.0,82.0,48.0,,,2019-12-13 16:00,,1.3,15,42,4,121.493806,25.072611,67
中壢,桃園市,51,細懸浮微粒,普通,3.3,0.75,17,21.0,40,14,32.0,59.0,27.0,0.7,330.0,2019-12-13 16:00,,0.9,16,38,3,121.221667,24.953278,68
竹山,南投縣,74,細懸浮微粒,普通,0.8,0.13,64,48.0,48,21,7.1,7.7,0.7,1.2,243.0,2019-12-13 16:00,,0.2,25,46,2,120.677306,23.756389000000002,69
永和,新北市,36,,良好,3.2,0.41,31,29.0,37,12,18.0,24.0,6.0,2.1,85.0,2019-12-13 16:00,,0.7,11,34,2,121.516306,25.017,70
復興,高雄市,73,細懸浮微粒,普通,1.9,0.36,47,41.0,55,13,15.0,18.0,3.0,1.4,269.0,2019-12-13 16:00,,0.6,25,58,3,120.312017,22.608711,71
埔里,南投縣,58,細懸浮微粒,普通,1.3,0.37,80,48.0,39,25,15.0,16.0,0.8,3.8,276.0,2019-12-13 16:00,,0.4,19,32,2,120.967903,23.968842000000002,72
馬祖,連江縣,52,細懸浮微粒,普通,1.3,0.19,48,47.0,31,14,8.9,10.0,1.4,1.4,321.0,2019-12-13 16:00,,0.2,16,34,2,119.949875,26.160469,75
麥寮,雲林縣,55,細懸浮微粒,普通,0.7,0.21,43,40.0,43,11,6.2,7.1,0.9,5.8,8.0,2019-12-13 16:00,,0.3,17,49,1,120.251825,23.753505999999998,83
富貴角,新北市,47,,良好,0.1,0.14,45,44.0,46,14,1.4,1.6,0.2,2.5,84.0,2019-12-13 16:00,,0.1,13,51,1,121.536763,25.298562,84
臺南(麻豆),臺南市,66,細懸浮微粒,普通,4.3,0.06,52,47.0,52,12,5.8,6.8,1.0,2.7,49.0,2019-12-13 16:00,,0.1,22,50,4,,,201
新北(樹林),新北市,43,,良好,2.1,0.33,20,24.0,38,13,21.0,28.0,6.8,1.2,176.0,2019-12-13 16:00,,0.4,13,35,2,120.34874199999999,23.757547,203
屏東(琉球),屏東縣,74,細懸浮微粒,普通,2.9,0.2,66,57.0,51,18,8.2,8.8,0.6,5.8,323.0,2019-12-13 16:00,,0.4,25,51,5,,,204
楠梓加工出口區,高雄市,80,細懸浮微粒,普通,,0.27,42,40.0,55,18,15.0,16.0,1.4,1.3,314.0,2019-12-13 16:00,,0.4,27,55,16,,,310
高雄(楠梓),高雄市,80,細懸浮微粒,普通,,0.27,42,40.0,55,18,15.0,16.0,1.4,1.3,314.0,2019-12-13 16:00,,0.4,27,55,16,,,310
桃園(觀音工業區),桃園市,45,,良好,0.7,0.11,29,28.0,49,12,11.0,16.0,4.6,4.3,36.0,2019-12-13 16:00,,0.1,14,48,2,,,312
高雄(左營),高雄市,76,細懸浮微粒,普通,0.8,0.22,51,44.0,54,21,9.1,9.9,0.8,1.8,64.0,2019-12-13 16:00,,0.3,26,63,1,,,313
中壢,桃園市,49,,良好,4.4,0.86,14,22.0,36,14.0,35.0,56.0,20.0,1.0,350.0,2019-12-13 17:00,,0.7,15,38,3,121.221667,24.953278,68
竹山,南投縣,71,細懸浮微粒,普通,1.0,0.19,52,53.0,62,28.0,11.0,12.0,1.0,1.3,294.0,2019-12-13 17:00,,0.2,24,47,2,120.677306,23.756389000000002,69
永和,新北市,35,,良好,1.7,0.46,30,32.0,31,9.0,18.0,24.0,6.9,2.4,78.0,2019-12-13 17:00,,0.5,11,34,2,121.516306,25.017,70
復興,高雄市,69,細懸浮微粒,普通,2.0,0.56,36,44.0,42,13.0,23.0,29.0,6.1,1.1,253.0,2019-12-13 17:00,,0.6,23,56,3,120.312017,22.608711,71
新店,新北市,41,,良好,2.0,0.51,26,35.0,28.0,12.0,,,,1.4,124.0,2019-12-13 18:00,,0.3,13,29,2,121.537778,24.977222,4
土城,新北市,34,,良好,1.3,0.6,21,37.0,41.0,9.0,23.0,23.0,0.5,1.2,353.0,2019-12-13 18:00,,0.4,10,37,2,121.45186100000001,24.982528,5
板橋,新北市,46,,良好,6.1,0.61,17,30.0,32.0,19.0,32.0,38.0,5.9,1.9,79.0,2019-12-13 18:00,,0.4,14,34,5,121.45866699999999,25.012972,6
新莊,新北市,46,,良好,2.4,0.44,27,37.0,36.0,19.0,21.0,22.0,1.3,4.8,52.0,2019-12-13 18:00,,0.3,14,40,2,121.4325,25.037972,7
高雄(楠梓),高雄市,75,細懸浮微粒,普通,0.7,0.28,34,42.0,42,12.0,17.0,18.0,1.6,1.4,310.0,2019-12-13 17:00,,0.3,25,54,15,,,310
楠梓加工出口區,高雄市,75,細懸浮微粒,普通,0.7,0.28,34,42.0,42,12.0,17.0,18.0,1.6,1.4,310.0,2019-12-13 17:00,,0.3,25,54,15,,,310
桃園(觀音工業區),桃園市,47,,良好,0.2,0.11,31,30.0,45,14.0,9.5,11.0,1.9,3.1,55.0,2019-12-13 17:00,,0.1,14,48,2,,,312
高雄(左營),高雄市,71,細懸浮微粒,普通,0.5,0.3,41,48.0,57,12.0,11.0,13.0,2.0,1.7,79.0,2019-12-13 17:00,,0.3,24,65,1,,,313
基隆,基隆市,36,,良好,1.9,0.57,13,39.0,32.0,11.0,24.0,28.0,4.7,0.6,292.0,2019-12-13 18:00,,0.3,11,34,2,121.760056,25.129167000000002,1
汐止,新北市,42,,良好,1.8,0.37,22,36.0,32.0,14.0,23.0,26.0,3.5,1.7,56.0,2019-12-13 18:00,,0.3,13,32,4,121.6423,25.067131,2
萬里,新北市,45,,良好,1.9,0.3,22,41.0,25.0,15.0,14.0,17.0,2.7,2.1,200.0,2019-12-13 18:00,,0.2,13,49,2,121.689881,25.179667000000002,3
菜寮,新北市,43,,良好,4.1,0.47,24,32.0,33.0,14.0,20.0,23.0,3.2,2.6,94.0,2019-12-13 18:00,,0.3,13,32,3,121.48102800000001,25.06895,8
林口,新北市,43,,良好,8.2,0.29,25,31.0,30.0,11.0,22.0,25.0,2.7,3.2,93.0,2019-12-13 18:00,,0.3,13,35,3,121.376869,25.077197,9
淡水,新北市,48,,良好,0.5,0.4,29,38.0,,15.0,13.0,15.0,1.7,,,2019-12-13 18:00,,0.3,15,34,1,121.44923899999999,25.1645,10
士林,臺北市,38,,良好,1.2,0.28,36,41.0,29.0,8.0,13.0,14.0,1.0,2.5,107.0,2019-12-13 18:00,,0.2,9,30,3,121.51538899999998,25.105417000000003,11
冬山,宜蘭縣,35,,良好,1.2,0.24,36,38.0,39,8.0,10.0,12.0,1.9,1.2,177.0,2019-12-13 17:00,,0.2,10,34,2,121.792928,24.632203,66
三重,新北市,48,,良好,12.0,1.19,-,,39,14.0,39.0,100.0,61.0,,,2019-12-13 17:00,,1.1,15,41,4,121.493806,25.072611,67
關山,臺東縣,42,,良好,1.6,-,38,37.0,31,13.0,5.2,6.0,0.8,2.2,8.9,2019-12-13 17:00,,,13,23,2,121.161933,23.045082999999998,80
麥寮,雲林縣,53,細懸浮微粒,普通,1.6,0.22,43,41.0,38,14.0,7.3,8.2,0.9,4.8,10.0,2019-12-13 17:00,,0.2,16,46,2,120.251825,23.753505999999998,83
富貴角,新北市,48,,良好,0.1,0.14,46,45.0,61,11.0,1.3,1.4,0.1,3.4,86.0,2019-12-13 17:00,,0.1,12,52,1,121.536763,25.298562,84
臺南(麻豆),臺南市,66,細懸浮微粒,普通,4.5,0.06,49,51.0,50,22.0,8.2,9.4,1.2,1.8,80.0,2019-12-13 17:00,,0.1,22,51,4,,,201
彰化(大城),彰化縣,49,,良好,2.2,0.11,55,53.0,29,12.0,5.3,5.7,0.4,5.5,49.0,2019-12-13 17:00,,0.2,14,38,2,,,202
中山,臺北市,40,,良好,6.2,0.52,19,26.0,37,14.0,30.0,39.0,9.6,2.4,106.0,2019-12-13 17:00,,0.5,12,34,2,121.526528,25.062361,12
萬華,臺北市,45,,良好,1.4,0.35,24,30.0,35,12.0,24.0,29.0,4.5,2.5,90.0,2019-12-13 17:00,,0.4,14,35,1,121.507972,25.046503,13
基隆,基隆市,37,,良好,1.7,0.23,39,40.0,35,11.0,8.0,9.2,1.3,0.9,105.0,2019-12-13 17:00,,0.2,11,34,2,121.760056,25.129167000000002,1
汐止,新北市,40,,良好,1.7,0.26,30,35.0,30,9.0,18.0,21.0,3.6,2.9,32.0,2019-12-13 17:00,,0.3,12,33,4,121.6423,25.067131,2
萬里,新北市,49,,良好,1.6,0.26,37,42.0,62,15.0,15.0,19.0,3.5,0.9,335.0,2019-12-13 17:00,,0.2,13,53,2,121.689881,25.179667000000002,3
新店,新北市,40,,良好,1.9,0.38,30,34.0,37,13.0,,,,1.9,87.0,2019-12-13 17:00,,0.4,12,29,2,121.537778,24.977222,4
土城,新北市,35,,良好,1.3,0.36,33,38.0,32,7.0,14.0,15.0,0.9,1.2,354.0,2019-12-13 17:00,,0.3,10,36,2,121.45186100000001,24.982528,5
板橋,新北市,42,,良好,5.1,0.43,25,31.0,32,11.0,25.0,29.0,3.9,2.2,73.0,2019-12-13 17:00,,0.4,13,34,5,121.45866699999999,25.012972,6
新莊,新北市,42,,良好,4.4,0.33,32,38.0,37,14.0,17.0,19.0,1.9,4.2,59.0,2019-12-13 17:00,,0.3,13,41,2,121.4325,25.037972,7
菜寮,新北市,42,,良好,10.0,0.35,24,33.0,32,15.0,20.0,24.0,3.8,3.4,79.0,2019-12-13 17:00,,0.4,13,32,3,121.48102800000001,25.06895,8
林口,新北市,45,,良好,3.6,0.25,30,31.0,35,11.0,16.0,21.0,4.6,3.2,88.0,2019-12-13 17:00,,0.3,14,36,3,121.376869,25.077197,9
淡水,新北市,46,,良好,,,,37.0,24,,,,,,,2019-12-13 17:00,,0.3,14,33,1,121.44923899999999,25.1645,10
古亭,臺北市,34,,良好,1.3,0.39,29,34.0,31,11.0,18.0,20.0,2.5,1.6,78.0,2019-12-13 17:00,,0.4,11,31,1,121.529556,25.020608,14
松山,臺北市,45,,良好,2.0,0.31,24,31.0,43,14.0,24.0,30.0,5.5,2.2,43.0,2019-12-13 17:00,,0.3,14,39,2,121.57861100000001,25.05,15
士林,臺北市,38,,良好,0.9,0.24,38,41.0,31,9.0,11.0,12.0,1.8,2.5,100.0,2019-12-13 17:00,,0.2,9,30,3,121.51538899999998,25.105417000000003,11
大同,臺北市,49,,良好,6.8,0.8,-,,37,13.0,36.0,71.0,36.0,,,2019-12-13 17:00,,0.7,15,39,3,121.51331100000002,25.0632,16
桃園,桃園市,48,,良好,6.1,0.54,23,30.0,34,14.0,22.0,25.0,3.2,1.9,74.0,2019-12-13 17:00,,0.5,15,35,4,121.304383,24.995368,17
大園,桃園市,44,,良好,2.1,0.19,42,42.0,36,17.0,10.0,13.0,2.7,5.8,32.0,2019-12-13 17:00,,0.2,14,35,4,121.201811,25.060344,18
觀音,桃園市,41,,良好,2.3,0.18,42,44.0,35,15.0,7.0,7.6,0.5,5.3,56.0,2019-12-13 17:00,,0.2,11,36,4,121.082761,25.035503,19
平鎮,桃園市,43,,良好,3.7,0.5,24,34.0,38,11.0,26.0,31.0,4.8,2.4,68.0,2019-12-13 17:00,,0.4,13,37,3,121.20398600000001,24.952786,20
龍潭,桃園市,49,,良好,3.8,0.38,31,39.0,36,18.0,18.0,20.0,2.3,3.2,55.0,2019-12-13 17:00,,0.4,15,33,3,121.21635,24.863869,21
湖口,新竹縣,47,,良好,2.1,0.2,41,43.0,34,16.0,7.0,7.1,0.1,3.6,42.0,2019-12-13 17:00,,0.2,15,35,3,121.038653,24.900142000000002,22
竹東,新竹縣,49,,良好,3.0,0.36,34,41.0,38,16.0,17.0,18.0,1.5,1.1,348.0,2019-12-13 17:00,,0.3,15,35,2,121.088903,24.740644,23
新竹,新竹市,43,,良好,2.3,0.27,37,41.0,41,14.0,11.0,12.0,0.8,1.8,46.0,2019-12-13 17:00,,0.3,13,37,2,120.972075,24.805619,24
頭份,苗栗縣,48,,良好,2.8,0.31,31,36.0,44,16.0,14.0,17.0,2.8,1.9,29.0,2019-12-13 17:00,,0.3,15,40,1,120.898572,24.696969,25
苗栗,苗栗縣,53,細懸浮微粒,普通,3.0,0.33,26,30.0,39,15.0,14.0,16.0,1.9,1.8,355.0,2019-12-13 17:00,,0.3,16,39,2,120.8202,24.565269,26
三義,苗栗縣,59,細懸浮微粒,普通,2.5,0.31,37,46.0,51,22.0,11.0,12.0,1.2,3.9,38.0,2019-12-13 17:00,,0.3,19,40,2,120.75883300000001,24.382942,27
豐原,臺中市,65,細懸浮微粒,普通,1.9,0.27,42,46.0,50,17.0,11.0,13.0,2.3,1.6,6.1,2019-12-13 17:00,,0.4,21,45,2,120.74171100000001,24.256586,28
沙鹿,臺中市,54,細懸浮微粒,普通,1.2,0.16,43,44.0,40,13.0,8.1,8.5,0.5,4.2,359.0,2019-12-13 17:00,,0.2,17,41,2,120.568794,24.225628,29
大里,臺中市,66,細懸浮微粒,普通,3.0,0.38,34,41.0,48,14.0,17.0,19.0,2.2,2.1,340.0,2019-12-13 17:00,,0.4,22,51,3,120.67768899999999,24.099611,30
忠明,臺中市,70,細懸浮微粒,普通,1.7,0.3,37,41.0,40,16.0,14.0,16.0,2.0,2.3,17.0,2019-12-13 17:00,,0.5,23,49,3,120.64109199999999,24.151958,31
西屯,臺中市,68,細懸浮微粒,普通,2.1,0.2,39,44.0,56,16.0,13.0,15.0,1.9,3.6,352.0,2019-12-13 17:00,,0.3,22,56,2,120.61691699999999,24.162197,32
彰化,彰化縣,60,細懸浮微粒,普通,2.1,0.35,35,39.0,45,13.0,13.0,13.0,0.1,3.0,8.7,2019-12-13 17:00,,0.4,19,49,2,120.541519,24.066,33
線西,彰化縣,48,,良好,4.5,0.26,39,42.0,41,13.0,11.0,12.0,0.6,4.7,24.0,2019-12-13 17:00,,0.2,15,46,4,120.46906100000001,24.131672000000002,34
二林,彰化縣,52,細懸浮微粒,普通,3.4,0.23,38,41.0,39,11.0,7.9,9.2,1.2,4.3,9.7,2019-12-13 17:00,,0.3,16,46,4,120.409653,23.925175,35
南投,南投縣,64,細懸浮微粒,普通,0.5,0.43,45,53.0,53,21.0,20.0,24.0,3.6,2.7,338.0,2019-12-13 17:00,,0.4,21,44,2,120.68530600000001,23.913,36
斗六,雲林縣,71,細懸浮微粒,普通,1.5,0.31,43,49.0,67,23.0,16.0,17.0,1.6,2.7,334.0,2019-12-13 17:00,,0.3,24,62,2,120.54499399999999,23.711853,37
崙背,雲林縣,59,細懸浮微粒,普通,2.4,0.22,42,46.0,46,13.0,8.7,10.0,1.4,2.0,355.0,2019-12-13 17:00,,0.3,19,52,3,120.34874199999999,23.757547,38
新港,嘉義縣,67,細懸浮微粒,普通,2.3,0.22,44,50.0,58,12.0,9.0,9.7,0.7,4.0,348.0,2019-12-13 17:00,,0.3,22,61,3,120.34553100000001,23.554839,39
朴子,嘉義縣,52,細懸浮微粒,普通,2.2,0.22,45,49.0,52,11.0,6.0,8.5,2.4,2.4,350.0,2019-12-13 17:00,,0.3,16,54,2,120.24781000000002,23.467123,40
臺西,雲林縣,48,,良好,2.5,0.14,,49.0,35,16.0,3.3,5.5,2.2,7.1,15.0,2019-12-13 17:00,,0.2,15,39,2,120.20284199999999,23.717533,41
嘉義,嘉義市,75,細懸浮微粒,普通,2.8,0.46,42,47.0,56,23.0,18.0,18.0,0.9,2.2,351.0,2019-12-13 17:00,,0.4,25,52,4,120.44083300000001,23.462778,42
新營,臺南市,64,細懸浮微粒,普通,1.6,0.26,46,48.0,51,17.0,10.0,11.0,1.1,2.1,3.1,2019-12-13 17:00,,0.3,21,52,2,120.31725,23.305633,43
善化,臺南市,62,細懸浮微粒,普通,2.8,0.22,50,51.0,49,23.0,9.6,11.0,1.1,3.2,348.0,2019-12-13 17:00,,0.3,20,49,3,120.297142,23.115097,44
安南,臺南市,69,細懸浮微粒,普通,2.0,0.21,52,52.0,50,18.0,8.4,8.7,0.3,3.6,352.0,2019-12-13 17:00,,0.3,23,47,2,120.2175,23.048197000000002,45
臺南,臺南市,64,細懸浮微粒,普通,2.0,0.36,47,49.0,42,16.0,13.0,14.0,1.3,1.3,357.0,2019-12-13 17:00,,0.4,21,46,3,120.20261699999999,22.984581,46
美濃,高雄市,53,細懸浮微粒,普通,0.9,0.22,52,48.0,33,19.0,5.7,7.8,2.1,1.4,322.0,2019-12-13 17:00,,0.2,16,31,1,120.530542,22.883582999999998,47
橋頭,高雄市,66,細懸浮微粒,普通,2.9,0.27,41,51.0,45,11.0,16.0,17.0,1.4,3.3,350.0,2019-12-13 17:00,,0.3,22,51,4,120.30568899999999,22.757506,48
仁武,高雄市,69,細懸浮微粒,普通,2.0,0.27,41,48.0,49,15.0,18.0,19.0,1.1,4.6,342.0,2019-12-13 17:00,,0.3,23,57,3,120.332631,22.689056,49
鳳山,高雄市,63,細懸浮微粒,普通,2.4,0.37,41,51.0,49,12.0,22.0,23.0,1.5,2.4,352.0,2019-12-13 17:00,,0.4,21,54,3,120.35808300000001,22.627392,50
大寮,高雄市,63,細懸浮微粒,普通,3.3,0.22,49,49.0,51,19.0,15.0,17.0,2.3,3.2,337.0,2019-12-13 17:00,,0.2,20,51,4,120.425081,22.565747,51
林園,高雄市,67,細懸浮微粒,普通,5.4,0.79,47,53.0,58,22.0,23.0,25.0,1.7,3.8,348.0,2019-12-13 17:00,,0.4,22,51,4,120.41175,22.4795,52
楠梓,高雄市,69,細懸浮微粒,普通,1.5,0.25,45,52.0,59,15.0,11.0,12.0,1.0,2.9,317.0,2019-12-13 17:00,,0.3,23,64,2,120.32828899999998,22.733667,53
左營,高雄市,67,細懸浮微粒,普通,2.0,0.27,47,54.0,34,12.0,10.0,11.0,1.1,3.0,360.0,2019-12-13 17:00,,0.3,22,50,3,120.29291699999999,22.674861,54
前金,高雄市,74,細懸浮微粒,普通,0.6,0.35,45,55.0,48,15.0,11.0,13.0,2.3,2.8,341.0,2019-12-13 17:00,,0.4,25,56,2,120.288086,22.632567,56
前鎮,高雄市,73,懸浮微粒,普通,1.7,0.47,38,50.0,141,20.0,24.0,29.0,5.4,3.0,3.6,2019-12-13 17:00,,0.4,24,86,3,120.30756399999999,22.605386,57
小港,高雄市,69,細懸浮微粒,普通,1.2,0.33,44,50.0,50,14.0,18.0,20.0,2.4,2.7,347.0,2019-12-13 17:00,,0.3,23,59,3,120.337736,22.565832999999998,58
屏東,屏東縣,50,,良好,1.4,0.32,52,53.0,56,15.0,13.0,14.0,0.8,2.5,315.0,2019-12-13 17:00,,0.3,15,43,2,120.488033,22.673081,59
潮州,屏東縣,56,細懸浮微粒,普通,1.0,0.3,60,53.0,46,19.0,12.0,12.0,0.5,2.2,299.0,2019-12-13 17:00,,0.3,18,34,1,120.561175,22.523107999999997,60
恆春,屏東縣,53,細懸浮微粒,普通,1.3,0.27,58,55.0,31,18.0,2.3,2.7,0.4,6.7,34.0,2019-12-13 17:00,,0.3,16,28,1,120.788928,21.958069000000002,61
臺東,臺東縣,44,,良好,1.5,0.46,49,47.0,36,14.0,8.2,9.3,1.1,2.1,16.0,2019-12-13 17:00,,0.4,14,32,2,121.15045,22.755357999999998,62
花蓮,花蓮縣,43,,良好,1.6,0.29,45,45.0,33,16.0,7.6,9.1,1.5,0.5,30.0,2019-12-13 17:00,,0.3,13,30,1,121.599769,23.971306,63
陽明,臺北市,37,,良好,0.6,0.14,41,40.0,16,8.0,1.6,2.5,0.9,,,2019-12-13 17:00,,0.2,8,17,1,121.529583,25.182722000000002,64
宜蘭,宜蘭縣,37,,良好,1.6,0.31,38,40.0,33,9.0,6.5,8.0,1.6,1.8,60.0,2019-12-13 17:00,,0.3,10,29,1,121.746394,24.747917,65
埔里,南投縣,64,細懸浮微粒,普通,1.3,0.39,73,57.0,49,25.0,16.0,17.0,1.1,2.7,282.0,2019-12-13 17:00,,0.3,21,36,2,120.967903,23.968842000000002,72
馬祖,連江縣,50,,良好,1.5,0.19,52,49.0,30,14.0,8.4,9.4,1.0,1.2,313.0,2019-12-13 17:00,,0.2,15,33,2,119.949875,26.160469,75
金門,金門縣,58,細懸浮微粒,普通,3.3,0.24,45,50.0,45,14.0,8.9,9.9,1.0,2.1,98.0,2019-12-13 17:00,,0.2,19,56,3,118.312256,24.432133,77
馬公,澎湖縣,53,細懸浮微粒,普通,2.0,0.2,60,54.0,40,15.0,3.5,4.5,1.0,4.5,23.0,2019-12-13 17:00,,0.2,17,45,2,119.566158,23.569031,78
新北(樹林),新北市,45,,良好,2.2,0.45,16,25.0,42,16.0,29.0,44.0,15.0,0.8,171.0,2019-12-13 17:00,,0.4,14,36,2,120.34874199999999,23.757547,203
屏東(琉球),屏東縣,73,細懸浮微粒,普通,2.5,0.18,57,61.0,43,19.0,8.9,9.5,0.6,4.8,319.0,2019-12-13 17:00,,0.3,24,51,5,,,204
基隆,基隆市,37,,良好,2.1,0.6,6.4,25.0,29,14,26.0,32.0,5.5,0.4,326.0,2019-12-13 21:00,,0.4,11,33,2,121.760056,25.129167000000002,1
汐止,新北市,46,,良好,4.7,0.67,2,24.0,36,19,36.0,56.0,20.0,1.6,36.0,2019-12-13 21:00,,0.4,14,35,4,121.6423,25.067131,2
萬里,新北市,41,,良好,2.2,0.24,20,32.0,20,13,12.0,15.0,3.2,2.2,204.0,2019-12-13 21:00,,0.2,13,33,2,121.689881,25.179667000000002,3
新店,新北市,38,,良好,2.1,0.44,19,28.0,32,12,,,,1.3,132.0,2019-12-13 21:00,,0.4,12,29,2,121.537778,24.977222,4
中山,臺北市,42,,良好,3.5,0.84,11,24.0,35.0,16.0,39.0,54.0,16.0,2.4,117.0,2019-12-13 18:00,,0.5,13,34,3,121.526528,25.062361,12
萬華,臺北市,44,,良好,1.0,0.48,15,29.0,38.0,11.0,33.0,41.0,8.4,2.1,90.0,2019-12-13 18:00,,0.4,14,36,1,121.507972,25.046503,13
古亭,臺北市,35,,良好,1.4,0.48,25,34.0,30.0,12.0,21.0,23.0,1.9,1.3,73.0,2019-12-13 18:00,,0.4,11,31,1,121.529556,25.020608,14
松山,臺北市,46,,良好,2.1,0.51,12,31.0,41.0,15.0,34.0,44.0,9.7,1.8,27.0,2019-12-13 18:00,,0.3,14,40,2,121.57861100000001,25.05,15
大同,臺北市,52,細懸浮微粒,普通,3.4,1.33,-,,56.0,19.0,40.0,90.0,50.0,,,2019-12-13 18:00,,0.7,16,42,3,121.51331100000002,25.0632,16
桃園,桃園市,48,,良好,5.7,0.68,20,29.0,37.0,15.0,24.0,28.0,3.4,2.2,68.0,2019-12-13 18:00,,0.5,15,36,4,121.304383,24.995368,17
大園,桃園市,43,,良好,4.7,0.22,36,43.0,36.0,10.0,16.0,19.0,2.3,5.8,30.0,2019-12-13 18:00,,0.2,13,36,4,121.201811,25.060344,18
觀音,桃園市,41,,良好,2.1,0.18,40,44.0,38.0,14.0,8.9,9.2,0.4,5.6,53.0,2019-12-13 18:00,,0.2,12,36,4,121.082761,25.035503,19
平鎮,桃園市,44,,良好,3.9,0.73,19,33.0,34.0,15.0,29.0,35.0,5.4,2.2,62.0,2019-12-13 18:00,,0.4,14,37,3,121.20398600000001,24.952786,20
龍潭,桃園市,49,,良好,3.5,0.48,23,38.0,34.0,15.0,22.0,25.0,2.2,2.4,43.0,2019-12-13 18:00,,0.4,15,33,3,121.21635,24.863869,21
湖口,新竹縣,47,,良好,2.1,0.25,35,43.0,38.0,12.0,11.0,12.0,0.2,3.3,33.0,2019-12-13 18:00,,0.2,14,36,3,121.038653,24.900142000000002,22
竹東,新竹縣,47,,良好,2.1,0.43,24,40.0,36.0,12.0,22.0,24.0,2.2,0.7,113.0,2019-12-13 18:00,,0.3,14,35,2,121.088903,24.740644,23
新竹,新竹市,44,,良好,2.6,0.38,27,41.0,37.0,15.0,20.0,20.0,0.6,2.2,48.0,2019-12-13 18:00,,0.3,14,38,2,120.972075,24.805619,24
頭份,苗栗縣,49,,良好,3.6,0.5,20,35.0,42.0,15.0,27.0,31.0,4.3,1.4,23.0,2019-12-13 18:00,,0.3,15,41,1,120.898572,24.696969,25
苗栗,苗栗縣,53,細懸浮微粒,普通,5.8,0.47,16,30.0,47.0,15.0,25.0,28.0,2.6,1.8,6.8,2019-12-13 18:00,,0.3,16,41,2,120.8202,24.565269,26
三義,苗栗縣,66,細懸浮微粒,普通,2.4,0.33,32,44.0,71.0,36.0,12.0,13.0,0.6,3.3,27.0,2019-12-13 18:00,,0.3,22,45,2,120.75883300000001,24.382942,27
豐原,臺中市,65,細懸浮微粒,普通,1.5,0.37,32,47.0,50.0,20.0,16.0,17.0,1.6,0.7,39.0,2019-12-13 18:00,,0.4,21,47,2,120.74171100000001,24.256586,28
沙鹿,臺中市,62,細懸浮微粒,普通,1.6,0.26,36,45.0,39.0,34.0,12.0,13.0,0.7,3.0,1.5,2019-12-13 18:00,,0.2,20,41,2,120.568794,24.225628,29
大里,臺中市,64,細懸浮微粒,普通,3.2,0.55,23,41.0,50.0,18.0,24.0,26.0,2.1,1.3,356.0,2019-12-13 18:00,,0.4,21,51,3,120.67768899999999,24.099611,30
忠明,臺中市,67,細懸浮微粒,普通,1.5,0.39,30,42.0,42.0,17.0,18.0,20.0,1.5,2.1,356.0,2019-12-13 18:00,,0.4,22,47,2,120.64109199999999,24.151958,31
西屯,臺中市,64,細懸浮微粒,普通,2.2,0.28,32,45.0,50.0,14.0,17.0,18.0,1.2,2.1,354.0,2019-12-13 18:00,,0.3,21,55,2,120.61691699999999,24.162197,32
彰化,彰化縣,59,細懸浮微粒,普通,2.1,0.51,28,39.0,45.0,18.0,18.0,19.0,0.6,2.6,9.1,2019-12-13 18:00,,0.4,19,48,2,120.541519,24.066,33
線西,彰化縣,47,,良好,4.9,0.41,39,43.0,46.0,13.0,11.0,11.0,0.2,5.0,27.0,2019-12-13 18:00,,0.2,15,46,4,120.46906100000001,24.131672000000002,34
二林,彰化縣,54,懸浮微粒,普通,3.5,0.34,35,41.0,134.0,,9.4,11.0,1.8,3.4,17.0,2019-12-13 18:00,,0.3,16,60,4,120.409653,23.925175,35
南投,南投縣,63,細懸浮微粒,普通,0.5,0.53,26,52.0,58.0,16.0,26.0,30.0,4.0,1.8,343.0,2019-12-13 18:00,,0.4,20,47,1,120.68530600000001,23.913,36
斗六,雲林縣,71,細懸浮微粒,普通,0.8,0.34,32,50.0,62.0,22.0,18.0,20.0,1.4,2.2,358.0,2019-12-13 18:00,,0.3,24,63,2,120.54499399999999,23.711853,37
崙背,雲林縣,57,細懸浮微粒,普通,2.3,0.23,35,46.0,45.0,17.0,12.0,13.0,1.2,1.7,6.2,2019-12-13 18:00,,0.2,18,50,3,120.34874199999999,23.757547,38
新港,嘉義縣,71,細懸浮微粒,普通,2.9,0.3,35,50.0,69.0,36.0,12.0,13.0,0.5,2.3,357.0,2019-12-13 18:00,,0.3,24,63,3,120.34553100000001,23.554839,39
朴子,嘉義縣,52,細懸浮微粒,普通,2.2,0.37,39,49.0,55.0,16.0,8.2,10.0,1.9,1.6,2.1,2019-12-13 18:00,,0.3,16,55,2,120.24781000000002,23.467123,40
臺西,雲林縣,48,,良好,2.2,0.14,51,51.0,35.0,13.0,3.6,5.6,2.1,8.2,13.0,2019-12-13 18:00,,0.1,15,38,2,120.20284199999999,23.717533,41
嘉義,嘉義市,75,細懸浮微粒,普通,2.8,0.51,30,47.0,52.0,22.0,21.0,22.0,1.0,2.7,9.3,2019-12-13 18:00,,0.4,25,53,4,120.44083300000001,23.462778,42
新營,臺南市,63,細懸浮微粒,普通,1.6,0.32,36,49.0,51.0,17.0,14.0,15.0,0.9,2.3,11.0,2019-12-13 18:00,,0.3,20,52,2,120.31725,23.305633,43
善化,臺南市,61,細懸浮微粒,普通,1.3,0.29,40,52.0,55.0,15.0,14.0,15.0,0.8,3.4,344.0,2019-12-13 18:00,,0.2,20,50,3,120.297142,23.115097,44
安南,臺南市,68,細懸浮微粒,普通,1.9,0.29,45,53.0,56.0,21.0,12.0,12.0,0.2,3.3,341.0,2019-12-13 18:00,,0.3,23,50,2,120.2175,23.048197000000002,45
臺南,臺南市,65,細懸浮微粒,普通,2.2,0.46,40,50.0,56.0,23.0,17.0,18.0,1.3,1.8,3.3,2019-12-13 18:00,,0.3,21,48,3,120.20261699999999,22.984581,46
美濃,高雄市,52,細懸浮微粒,普通,0.8,0.25,45,50.0,38.0,13.0,7.4,9.7,2.4,0.6,2.5,2019-12-13 18:00,,0.2,16,33,1,120.530542,22.883582999999998,47
橋頭,高雄市,62,細懸浮微粒,普通,3.2,0.4,33,51.0,55.0,12.0,24.0,25.0,1.3,2.3,350.0,2019-12-13 18:00,,0.3,20,51,4,120.30568899999999,22.757506,48
仁武,高雄市,68,細懸浮微粒,普通,2.2,0.46,25,48.0,47.0,22.0,32.0,33.0,1.0,2.7,334.0,2019-12-13 18:00,,0.3,22,56,3,120.332631,22.689056,49
鳳山,高雄市,60,細懸浮微粒,普通,3.0,0.56,26,50.0,53.0,13.0,31.0,33.0,1.8,1.7,319.0,2019-12-13 18:00,,0.4,19,55,3,120.35808300000001,22.627392,50
大寮,高雄市,63,細懸浮微粒,普通,1.5,0.31,32,50.0,49.0,20.0,23.0,26.0,2.2,2.2,329.0,2019-12-13 18:00,,0.2,20,51,4,120.425081,22.565747,51
林園,高雄市,68,細懸浮微粒,普通,2.6,0.35,39,54.0,57.0,20.0,21.0,22.0,1.0,4.3,353.0,2019-12-13 18:00,,0.4,22,54,4,120.41175,22.4795,52
楠梓,高雄市,69,細懸浮微粒,普通,2.0,0.38,33,53.0,54.0,24.0,22.0,23.0,1.0,2.5,316.0,2019-12-13 18:00,,0.3,23,64,2,120.32828899999998,22.733667,53
左營,高雄市,67,細懸浮微粒,普通,2.3,0.37,36,54.0,40.0,17.0,18.0,19.0,0.7,1.9,323.0,2019-12-13 18:00,,0.3,22,49,3,120.29291699999999,22.674861,54
前金,高雄市,70,細懸浮微粒,普通,0.8,0.45,39,55.0,35.0,17.0,17.0,19.0,2.1,3.2,346.0,2019-12-13 18:00,,0.4,23,53,2,120.288086,22.632567,56
前鎮,高雄市,71,懸浮微粒,普通,1.9,0.75,26,49.0,47.0,14.0,30.0,38.0,7.9,3.1,18.0,2019-12-13 18:00,,0.4,22,84,3,120.30756399999999,22.605386,57
小港,高雄市,67,細懸浮微粒,普通,1.0,0.5,28,50.0,50.0,16.0,27.0,30.0,2.2,2.0,330.0,2019-12-13 18:00,,0.3,22,59,3,120.337736,22.565832999999998,58
屏東,屏東縣,50,,良好,1.4,0.41,43,54.0,46.0,13.0,16.0,16.0,0.2,1.1,303.0,2019-12-13 18:00,,0.3,15,45,2,120.488033,22.673081,59
潮州,屏東縣,58,細懸浮微粒,普通,0.8,0.32,47,55.0,52.0,19.0,14.0,14.0,0.2,0.5,41.0,2019-12-13 18:00,,0.3,19,38,1,120.561175,22.523107999999997,60
恆春,屏東縣,54,臭氧八小時,普通,1.6,0.27,59,56.0,29.0,18.0,2.3,2.9,0.6,6.8,37.0,2019-12-13 18:00,,0.3,17,28,1,120.788928,21.958069000000002,61
臺東,臺東縣,47,,良好,1.5,0.56,45,49.0,39.0,18.0,11.0,12.0,1.2,2.2,41.0,2019-12-13 18:00,,0.5,14,34,2,121.15045,22.755357999999998,62
花蓮,花蓮縣,43,,良好,1.5,0.4,36,46.0,37.0,11.0,13.0,15.0,1.8,0.6,335.0,2019-12-13 18:00,,0.3,13,31,2,121.599769,23.971306,63
陽明,臺北市,37,,良好,0.7,0.14,41,40.0,10.0,7.0,0.7,1.5,0.8,,,2019-12-13 18:00,,0.2,8,15,1,121.529583,25.182722000000002,64
宜蘭,宜蘭縣,39,,良好,1.6,0.37,34,42.0,31.0,11.0,9.1,10.0,1.4,1.0,174.0,2019-12-13 18:00,,0.3,10,29,1,121.746394,24.747917,65
冬山,宜蘭縣,34,,良好,1.0,0.35,34,37.0,33.0,14.0,7.5,8.0,0.5,1.1,182.0,2019-12-13 18:00,,0.3,11,34,2,121.792928,24.632203,66
三重,新北市,49,,良好,6.3,1.56,-,,42.0,15.0,42.0,108.0,67.0,,,2019-12-13 18:00,,1.2,15,41,4,121.493806,25.072611,67
中壢,桃園市,48,,良好,3.3,1.11,11,22.0,35.0,12.0,37.0,59.0,23.0,1.2,4.3,2019-12-13 18:00,,0.7,15,38,3,121.221667,24.953278,68
竹山,南投縣,77,細懸浮微粒,普通,1.0,0.26,35,55.0,84.0,38.0,16.0,17.0,0.6,0.5,221.0,2019-12-13 18:00,,0.2,26,53,2,120.677306,23.756389000000002,69
永和,新北市,34,,良好,1.4,0.71,24,32.0,32.0,8.0,22.0,30.0,8.3,1.6,80.0,2019-12-13 18:00,,0.5,11,33,2,121.516306,25.017,70
復興,高雄市,65,細懸浮微粒,普通,2.2,0.91,24,43.0,43.0,15.0,31.0,39.0,8.2,1.2,202.0,2019-12-13 18:00,,0.6,21,54,3,120.312017,22.608711,71
埔里,南投縣,71,臭氧八小時,普通,1.6,0.52,54,61.0,54.0,22.0,24.0,25.0,0.8,1.0,224.0,2019-12-13 18:00,,0.3,22,41,2,120.967903,23.968842000000002,72
馬祖,連江縣,52,細懸浮微粒,普通,1.1,0.2,53,50.0,29.0,19.0,7.5,8.4,0.9,0.9,332.0,2019-12-13 18:00,,0.2,16,32,2,119.949875,26.160469,75
金門,金門縣,59,細懸浮微粒,普通,3.1,0.36,37,50.0,57.0,18.0,18.0,19.0,0.8,2.4,94.0,2019-12-13 18:00,,0.3,19,56,3,118.312256,24.432133,77
馬公,澎湖縣,54,臭氧八小時,普通,1.9,0.22,59,56.0,43.0,12.0,3.9,4.6,0.7,4.7,27.0,2019-12-13 18:00,,0.2,15,45,2,119.566158,23.569031,78
關山,臺東縣,44,,良好,1.6,-,41,39.0,30.0,15.0,4.0,4.9,0.9,1.7,26.0,2019-12-13 18:00,,,13,24,2,121.161933,23.045082999999998,80
麥寮,雲林縣,53,細懸浮微粒,普通,1.3,0.26,40,42.0,37.0,15.0,7.5,8.7,1.2,4.0,0.3,2019-12-13 18:00,,0.2,16,44,2,120.251825,23.753505999999998,83
富貴角,新北市,48,,良好,0.1,0.16,43,45.0,48.0,15.0,2.6,2.7,0.1,3.1,88.0,2019-12-13 18:00,,0.2,13,52,1,121.536763,25.298562,84
臺南(麻豆),臺南市,65,細懸浮微粒,普通,4.7,0.06,37,51.0,57.0,16.0,16.0,26.0,9.8,2.1,346.0,2019-12-13 18:00,,0.1,21,53,4,,,201
彰化(大城),彰化縣,50,,良好,1.8,0.1,53,54.0,35.0,16.0,3.6,3.6,0.1,4.8,53.0,2019-12-13 18:00,,0.2,14,37,2,,,202
新北(樹林),新北市,47,,良好,1.9,0.63,14,24.0,41.0,16.0,28.0,42.0,13.0,0.9,182.0,2019-12-13 18:00,,0.4,15,38,2,120.34874199999999,23.757547,203
屏東(琉球),屏東縣,74,臭氧八小時,普通,2.4,0.19,49,62.0,47.0,15.0,11.0,12.0,1.3,2.9,323.0,2019-12-13 18:00,,0.3,23,51,5,,,204
高雄(楠梓),高雄市,72,細懸浮微粒,普通,,0.48,24,41.0,50.0,21.0,26.0,28.0,1.6,0.7,292.0,2019-12-13 18:00,,0.3,24,54,16,,,310
楠梓加工出口區,高雄市,72,細懸浮微粒,普通,,0.48,24,41.0,50.0,21.0,26.0,28.0,1.6,0.7,292.0,2019-12-13 18:00,,0.3,24,54,16,,,310
桃園(觀音工業區),桃園市,45,,良好,0.2,0.11,31,30.0,41.0,11.0,8.3,9.2,0.9,2.9,53.0,2019-12-13 18:00,,0.1,14,47,2,,,312
高雄(左營),高雄市,68,細懸浮微粒,普通,0.6,0.28,36,49.0,53.0,18.0,14.0,15.0,1.1,2.1,305.0,2019-12-13 18:00,,0.3,23,61,1,,,313
基隆,基隆市,35,,良好,2.2,0.64,3.8,30.0,35,12,29.0,42.0,12.0,0.6,287.0,2019-12-13 20:00,,0.3,11,34,2,121.760056,25.129167000000002,1
汐止,新北市,42,,良好,4.2,0.67,2,28.0,40,15,38.0,63.0,25.0,0.9,70.0,2019-12-13 20:00,,0.3,13,34,4,121.6423,25.067131,2
萬里,新北市,42,,良好,2.1,0.27,15,33.0,25,11,16.0,21.0,5.5,1.5,169.0,2019-12-13 20:00,,0.2,13,39,2,121.689881,25.179667000000002,3
新店,新北市,39,,良好,2.3,0.55,20,31.0,28,11,,,,1.6,129.0,2019-12-13 20:00,,0.4,12,29,2,121.537778,24.977222,4
土城,新北市,33,,良好,1.5,0.63,19,32.0,33,11,25.0,25.0,0.5,1.1,310.0,2019-12-13 20:00,,0.4,10,35,2,121.45186100000001,24.982528,5
板橋,新北市,45,,良好,10.0,0.81,8.3,25.0,39,12,40.0,51.0,11.0,2.1,63.0,2019-12-13 20:00,,0.5,14,35,5,121.45866699999999,25.012972,6
新莊,新北市,47,,良好,3.7,0.54,17,33.0,38,14,30.0,32.0,1.9,3.4,64.0,2019-12-13 20:00,,0.4,14,39,2,121.4325,25.037972,7
菜寮,新北市,44,,良好,4.3,0.66,13,28.0,30,12,33.0,37.0,3.8,2.1,86.0,2019-12-13 20:00,,0.4,13,32,3,121.48102800000001,25.06895,8
林口,新北市,42,,良好,5.8,0.38,21,26.0,33,11,26.0,29.0,2.4,2.4,80.0,2019-12-13 20:00,,0.3,13,34,4,121.376869,25.077197,9
淡水,新北市,49,,良好,0.6,0.66,6.4,30.0,21,14,24.0,33.0,8.7,,,2019-12-13 20:00,,0.4,15,32,1,121.44923899999999,25.1645,10
士林,臺北市,37,,良好,1.2,0.28,38,40.0,28,10,11.0,12.0,0.7,2.1,100.0,2019-12-13 20:00,,0.3,9,29,3,121.51538899999998,25.105417000000003,11
中山,臺北市,44,,良好,4.6,0.84,7,21.0,31,14,41.0,60.0,19.0,2.3,112.0,2019-12-13 20:00,,0.6,14,34,3,121.526528,25.062361,12
萬華,臺北市,41,,良好,2.5,0.61,8.4,23.0,35,12,38.0,53.0,15.0,2.4,99.0,2019-12-13 20:00,,0.4,13,36,1,121.507972,25.046503,13
古亭,臺北市,40,,良好,2.4,0.6,12,29.0,33,12,32.0,35.0,3.4,1.6,83.0,2019-12-13 20:00,,0.4,12,32,2,121.529556,25.020608,14
松山,臺北市,47,,良好,3.3,0.71,3.3,23.0,33,16,38.0,69.0,31.0,1.4,41.0,2019-12-13 20:00,,0.4,14,39,2,121.57861100000001,25.05,15
永和,新北市,35,,良好,1.5,0.86,18,30.0,39,12,26.0,36.0,9.8,1.9,76.0,2019-12-13 19:00,,0.5,11,35,2,121.516306,25.017,70
復興,高雄市,64,細懸浮微粒,普通,2.7,0.78,23,42.0,53,21,32.0,36.0,4.4,1.5,279.0,2019-12-13 19:00,,0.6,21,53,3,120.312017,22.608711,71
埔里,南投縣,75,細懸浮微粒,普通,2.3,0.78,34,60.0,64,39,34.0,35.0,1.0,1.0,157.0,2019-12-13 19:00,,0.4,25,45,2,120.967903,23.968842000000002,72
馬祖,連江縣,53,細懸浮微粒,普通,1.1,0.18,53,51.0,24,17,6.1,6.8,0.6,0.6,107.0,2019-12-13 19:00,,0.2,16,30,2,119.949875,26.160469,75
金門,金門縣,56,細懸浮微粒,普通,3.1,0.31,38,49.0,43,15,15.0,16.0,0.9,2.4,92.0,2019-12-13 19:00,,0.3,18,54,3,118.312256,24.432133,77
馬公,澎湖縣,58,臭氧八小時,普通,1.7,0.2,57,57.0,37,16,2.9,4.1,1.2,3.9,23.0,2019-12-13 19:00,,0.2,16,43,2,119.566158,23.569031,78
基隆,基隆市,34,,良好,2.1,0.58,8.7,35.0,33,10,26.0,33.0,7.3,0.7,282.0,2019-12-13 19:00,,0.3,11,34,2,121.760056,25.129167000000002,1
汐止,新北市,40,,良好,2.4,0.48,13,33.0,35,12,29.0,36.0,7.0,1.6,41.0,2019-12-13 19:00,,0.3,12,33,4,121.6423,25.067131,2
萬里,新北市,43,,良好,1.9,0.29,18,37.0,21,12,13.0,16.0,3.2,2.1,198.0,2019-12-13 19:00,,0.2,13,43,2,121.689881,25.179667000000002,3
新店,新北市,39,,良好,2.2,0.59,21,33.0,23,11,,,,1.1,127.0,2019-12-13 19:00,,0.4,12,29,2,121.537778,24.977222,4
土城,新北市,33,,良好,1.3,0.62,23,35.0,29,12,24.0,25.0,0.4,1.3,349.0,2019-12-13 19:00,,0.4,10,35,2,121.45186100000001,24.982528,5
板橋,新北市,45,,良好,8.7,0.73,14,28.0,35,13,35.0,42.0,7.5,1.9,74.0,2019-12-13 19:00,,0.4,14,34,5,121.45866699999999,25.012972,6
新莊,新北市,46,,良好,2.2,0.52,23,36.0,35,14,25.0,26.0,1.1,3.6,62.0,2019-12-13 19:00,,0.3,14,39,2,121.4325,25.037972,7
菜寮,新北市,44,,良好,3.4,0.62,19,30.0,33,13,27.0,31.0,3.5,2.2,91.0,2019-12-13 19:00,,0.4,14,33,3,121.48102800000001,25.06895,8
林口,新北市,44,,良好,11.0,0.38,16,28.0,30,15,32.0,35.0,3.1,2.8,84.0,2019-12-13 19:00,,0.3,14,34,4,121.376869,25.077197,9
淡水,新北市,49,,良好,0.8,0.75,7.3,34.0,25,17,24.0,35.0,11.0,,,2019-12-13 19:00,,0.3,15,33,1,121.44923899999999,25.1645,10
士林,臺北市,37,,良好,1.3,0.31,35,40.0,27,7,14.0,16.0,1.3,2.5,116.0,2019-12-13 19:00,,0.2,9,30,3,121.51538899999998,25.105417000000003,11
中山,臺北市,44,,良好,3.8,0.82,12,23.0,35,14,37.0,48.0,11.0,2.2,123.0,2019-12-13 19:00,,0.5,14,35,3,121.526528,25.062361,12
萬華,臺北市,43,,良好,1.2,0.62,8.9,26.0,36,13,38.0,52.0,14.0,2.3,81.0,2019-12-13 19:00,,0.4,13,36,1,121.507972,25.046503,13
古亭,臺北市,39,,良好,1.8,0.6,17,32.0,32,17,28.0,30.0,2.7,1.0,51.0,2019-12-13 19:00,,0.4,12,31,1,121.529556,25.020608,14
松山,臺北市,46,,良好,2.6,0.69,5.7,27.0,37,13,38.0,57.0,20.0,1.4,51.0,2019-12-13 19:00,,0.4,14,39,2,121.57861100000001,25.05,15
大同,臺北市,54,細懸浮微粒,普通,4.2,2.19,-,,41,19,48.0,137.0,89.0,,,2019-12-13 19:00,,0.9,17,42,3,121.51331100000002,25.0632,16
桃園,桃園市,47,,良好,4.2,0.73,19,27.0,35,13,26.0,29.0,2.7,2.3,66.0,2019-12-13 19:00,,0.5,14,36,4,121.304383,24.995368,17
大園,桃園市,42,,良好,4.8,0.2,36,42.0,39,12,14.0,17.0,2.4,7.1,29.0,2019-12-13 19:00,,0.2,13,36,4,121.201811,25.060344,18
觀音,桃園市,41,,良好,2.7,0.19,39,44.0,37,12,9.4,9.8,0.4,4.5,65.0,2019-12-13 19:00,,0.2,12,37,4,121.082761,25.035503,19
平鎮,桃園市,44,,良好,2.9,0.78,14,29.0,39,12,34.0,41.0,7.1,1.8,56.0,2019-12-13 19:00,,0.5,14,37,3,121.20398600000001,24.952786,20
龍潭,桃園市,50,,良好,3.5,0.49,22,35.0,31,15,22.0,23.0,1.9,2.6,51.0,2019-12-13 19:00,,0.4,15,32,3,121.21635,24.863869,21
湖口,新竹縣,46,,良好,2.7,0.24,32,42.0,36,13,13.0,13.0,0.2,3.5,31.0,2019-12-13 19:00,,0.2,14,36,3,121.038653,24.900142000000002,22
竹東,新竹縣,46,,良好,2.2,0.44,20,38.0,35,16,20.0,22.0,1.8,0.6,360.0,2019-12-13 19:00,,0.3,14,35,2,121.088903,24.740644,23
新竹,新竹市,47,,良好,3.5,0.46,19,39.0,45,17,25.0,25.0,0.6,1.5,62.0,2019-12-13 19:00,,0.3,15,39,2,120.972075,24.805619,24
頭份,苗栗縣,49,,良好,4.7,0.58,10,32.0,49,16,36.0,42.0,6.0,1.5,20.0,2019-12-13 19:00,,0.3,15,43,1,120.898572,24.696969,25
苗栗,苗栗縣,58,細懸浮微粒,普通,2.5,0.58,16,29.0,52,26,23.0,26.0,3.1,1.7,40.0,2019-12-13 19:00,,0.3,18,44,2,120.8202,24.565269,26
三義,苗栗縣,65,細懸浮微粒,普通,2.1,0.24,30,42.0,40,16,9.7,10.0,0.5,2.4,33.0,2019-12-13 19:00,,0.3,21,46,2,120.75883300000001,24.382942,27
豐原,臺中市,65,細懸浮微粒,普通,1.6,0.41,26,44.0,44,21,19.0,20.0,1.5,0.7,26.0,2019-12-13 19:00,,0.3,21,47,2,120.74171100000001,24.256586,28
沙鹿,臺中市,60,細懸浮微粒,普通,1.6,0.26,34,44.0,38,12,12.0,13.0,0.7,3.0,2.5,2019-12-13 19:00,,0.2,19,41,2,120.568794,24.225628,29
大里,臺中市,64,細懸浮微粒,普通,3.3,0.65,15,39.0,52,18,30.0,32.0,1.7,1.5,354.0,2019-12-13 19:00,,0.4,21,52,3,120.67768899999999,24.099611,30
忠明,臺中市,66,細懸浮微粒,普通,1.6,0.47,23,41.0,39,17,22.0,24.0,1.6,1.8,4.2,2019-12-13 19:00,,0.3,22,46,2,120.64109199999999,24.151958,31
西屯,臺中市,61,細懸浮微粒,普通,2.3,0.31,26,44.0,57,16,21.0,22.0,1.2,2.3,351.0,2019-12-13 19:00,,0.2,20,56,3,120.61691699999999,24.162197,32
彰化,彰化縣,56,細懸浮微粒,普通,2.1,0.5,25,38.0,41,12,19.0,19.0,0.2,3.0,6.4,2019-12-13 19:00,,0.4,18,46,2,120.541519,24.066,33
朴子,嘉義縣,50,,良好,2.0,0.24,31,47.0,49,13,10.0,12.0,1.7,1.3,8.8,2019-12-13 19:00,,0.3,15,54,2,120.24781000000002,23.467123,40
臺西,雲林縣,48,,良好,2.3,0.14,51,52.0,32,10,3.2,4.5,1.3,7.3,14.0,2019-12-13 19:00,,0.1,15,37,2,120.20284199999999,23.717533,41
嘉義,嘉義市,75,細懸浮微粒,普通,4.9,0.56,20,44.0,62,22,25.0,26.0,1.3,2.3,10.0,2019-12-13 19:00,,0.4,25,56,4,120.44083300000001,23.462778,42
新營,臺南市,65,細懸浮微粒,普通,1.4,0.3,31,47.0,47,21,14.0,15.0,0.8,2.4,15.0,2019-12-13 19:00,,0.3,21,52,2,120.31725,23.305633,43
善化,臺南市,63,細懸浮微粒,普通,1.4,0.28,33,50.0,60,19,14.0,15.0,0.9,2.8,350.0,2019-12-13 19:00,,0.2,20,53,3,120.297142,23.115097,44
安南,臺南市,68,細懸浮微粒,普通,1.8,0.29,39,52.0,57,22,12.0,12.0,0.5,3.3,355.0,2019-12-13 19:00,,0.2,23,51,2,120.2175,23.048197000000002,45
線西,彰化縣,45,,良好,4.5,0.41,39,43.0,44,13,11.0,11.0,0.1,4.4,31.0,2019-12-13 19:00,,0.3,14,46,4,120.46906100000001,24.131672000000002,34
二林,彰化縣,54,懸浮微粒,普通,5.2,0.26,34,41.0,40,16,9.1,11.0,1.4,3.6,16.0,2019-12-13 19:00,,0.2,16,59,4,120.409653,23.925175,35
南投,南投縣,63,細懸浮微粒,普通,0.9,0.54,17,48.0,59,21,30.0,34.0,4.1,0.8,1.4,2019-12-13 19:00,,0.4,20,50,1,120.68530600000001,23.913,36
斗六,雲林縣,76,細懸浮微粒,普通,0.8,0.31,27,49.0,68,34,17.0,19.0,1.3,0.9,358.0,2019-12-13 19:00,,0.3,26,63,2,120.54499399999999,23.711853,37
崙背,雲林縣,56,細懸浮微粒,普通,2.4,0.23,32,44.0,47,15,12.0,13.0,1.1,1.2,336.0,2019-12-13 19:00,,0.2,18,49,3,120.34874199999999,23.757547,38
新港,嘉義縣,71,細懸浮微粒,普通,2.6,0.26,30,47.0,52,16,12.0,13.0,0.4,2.3,359.0,2019-12-13 19:00,,0.3,24,61,3,120.34553100000001,23.554839,39
臺南,臺南市,65,細懸浮微粒,普通,1.9,0.44,35,49.0,53,19,16.0,17.0,1.4,1.1,14.0,2019-12-13 19:00,,0.3,21,49,3,120.20261699999999,22.984581,46
美濃,高雄市,51,細懸浮微粒,普通,0.7,0.29,35,50.0,37,18,13.0,16.0,2.7,0.4,54.0,2019-12-13 19:00,,0.2,16,34,1,120.530542,22.883582999999998,47
橋頭,高雄市,62,細懸浮微粒,普通,3.7,0.58,22,48.0,63,23,33.0,35.0,1.7,1.9,353.0,2019-12-13 19:00,,0.3,20,54,4,120.30568899999999,22.757506,48
仁武,高雄市,68,細懸浮微粒,普通,2.6,0.52,23,47.0,58,23,34.0,35.0,0.9,2.8,341.0,2019-12-13 19:00,,0.3,23,57,3,120.332631,22.689056,49
鳳山,高雄市,59,細懸浮微粒,普通,3.9,0.67,17,47.0,58,21,41.0,45.0,3.6,1.5,334.0,2019-12-13 19:00,,0.4,19,55,3,120.35808300000001,22.627392,50
大寮,高雄市,64,細懸浮微粒,普通,1.3,0.34,31,49.0,49,21,21.0,23.0,1.7,1.5,333.0,2019-12-13 19:00,,0.2,21,51,4,120.425081,22.565747,51
林園,高雄市,68,細懸浮微粒,普通,2.0,0.34,30,52.0,69,24,21.0,22.0,0.4,2.1,31.0,2019-12-13 19:00,,0.4,22,57,4,120.41175,22.4795,52
楠梓,高雄市,69,細懸浮微粒,普通,2.0,0.44,24,50.0,65,24,30.0,31.0,1.2,2.6,309.0,2019-12-13 19:00,,0.3,23,63,2,120.32828899999998,22.733667,53
左營,高雄市,66,細懸浮微粒,普通,2.6,0.41,33,51.0,53,24,21.0,21.0,0.5,1.6,330.0,2019-12-13 19:00,,0.3,22,47,3,120.29291699999999,22.674861,54
前金,高雄市,69,細懸浮微粒,普通,1.6,0.5,32,52.0,53,25,22.0,24.0,2.5,2.5,352.0,2019-12-13 19:00,,0.4,23,52,2,120.288086,22.632567,56
前鎮,高雄市,70,懸浮微粒,普通,2.3,0.72,25,46.0,59,18,31.0,39.0,7.4,2.9,11.0,2019-12-13 19:00,,0.5,21,82,3,120.30756399999999,22.605386,57
小港,高雄市,65,細懸浮微粒,普通,1.3,0.61,23,47.0,51,20,33.0,35.0,1.9,1.3,349.0,2019-12-13 19:00,,0.4,21,57,3,120.337736,22.565832999999998,58
屏東,屏東縣,50,,良好,1.7,0.45,39,54.0,44,19,19.0,19.0,0.1,0.8,266.0,2019-12-13 19:00,,0.3,15,45,2,120.488033,22.673081,59
潮州,屏東縣,62,細懸浮微粒,普通,0.5,0.39,32,54.0,64,25,21.0,21.0,0.4,1.0,127.0,2019-12-13 19:00,,0.3,20,44,1,120.561175,22.523107999999997,60
恆春,屏東縣,54,臭氧八小時,普通,1.4,0.26,56,56.0,32,18,2.4,2.9,0.5,6.6,37.0,2019-12-13 19:00,,0.3,17,29,1,120.788928,21.958069000000002,61
臺東,臺東縣,46,,良好,1.4,0.44,47,50.0,33,12,7.6,8.8,1.2,1.7,8.8,2019-12-13 19:00,,0.5,14,34,2,121.15045,22.755357999999998,62
花蓮,花蓮縣,43,,良好,1.9,0.58,23,44.0,35,14,20.0,23.0,2.8,0.4,319.0,2019-12-13 19:00,,0.3,13,33,2,121.599769,23.971306,63
陽明,臺北市,38,,良好,0.7,0.14,41,41.0,12,5,0.7,1.6,0.9,,,2019-12-13 19:00,,0.1,7,15,1,121.529583,25.182722000000002,64
宜蘭,宜蘭縣,38,,良好,1.5,0.27,34,41.0,27,13,5.6,7.0,1.4,0.8,191.0,2019-12-13 19:00,,0.3,10,29,1,121.746394,24.747917,65
冬山,宜蘭縣,34,,良好,1.1,0.29,33,37.0,31,10,5.4,5.8,0.4,1.2,198.0,2019-12-13 19:00,,0.3,11,35,1,121.792928,24.632203,66
三重,新北市,52,細懸浮微粒,普通,5.5,2.05,-,,42,19,46.0,125.0,78.0,,,2019-12-13 19:00,,1.3,16,42,4,121.493806,25.072611,67
中壢,桃園市,49,,良好,3.3,1.09,9.2,20.0,36,17,38.0,63.0,25.0,1.2,1.6,2019-12-13 19:00,,0.7,15,38,3,121.221667,24.953278,68
竹山,南投縣,84,細懸浮微粒,普通,1.4,0.42,15,52.0,73,40,26.0,27.0,1.6,0.5,175.0,2019-12-13 19:00,,0.2,29,59,2,120.677306,23.756389000000002,69
關山,臺東縣,44,,良好,1.5,-,40,40.0,27,13,3.4,4.1,0.7,2.0,25.0,2019-12-13 19:00,,,13,25,2,121.161933,23.045082999999998,80
麥寮,雲林縣,46,,良好,1.2,0.23,41,42.0,38,10,5.6,6.5,1.0,3.6,12.0,2019-12-13 19:00,,0.2,14,42,2,120.251825,23.753505999999998,83
富貴角,新北市,47,,良好,0.1,0.15,44,45.0,42,8,2.1,2.1,0.1,3.6,86.0,2019-12-13 19:00,,0.2,12,51,1,121.536763,25.298562,84
臺南(麻豆),臺南市,63,細懸浮微粒,普通,4.3,0.05,36,50.0,52,17,11.0,12.0,0.9,2.0,330.0,2019-12-13 19:00,,0.1,21,54,4,,,201
彰化(大城),彰化縣,50,,良好,1.9,0.12,53,54.0,29,7,3.0,2.7,-0.3,4.4,58.0,2019-12-13 19:00,,0.2,13,35,2,,,202
新北(樹林),新北市,46,,良好,2.0,0.67,16,22.0,36,11,28.0,41.0,12.0,0.9,166.0,2019-12-13 19:00,,0.4,14,38,2,120.34874199999999,23.757547,203
屏東(琉球),屏東縣,71,臭氧八小時,普通,2.7,0.25,37,61.0,45,12,17.0,17.0,0.7,0.5,149.0,2019-12-13 19:00,,0.3,21,50,5,,,204
高雄(楠梓),高雄市,71,細懸浮微粒,普通,,0.58,19,38.0,58,25,32.0,34.0,2.8,0.9,290.0,2019-12-13 19:00,,0.3,24,54,16,,,310
楠梓加工出口區,高雄市,71,細懸浮微粒,普通,,0.58,19,38.0,58,25,32.0,34.0,2.8,0.9,290.0,2019-12-13 19:00,,0.3,24,54,16,,,310
桃園(觀音工業區),桃園市,43,,良好,0.2,0.11,29,30.0,39,10,9.5,10.0,0.9,2.8,52.0,2019-12-13 19:00,,0.1,13,46,2,,,312
高雄(左營),高雄市,70,細懸浮微粒,普通,0.8,0.37,30,47.0,63,27,20.0,21.0,0.9,2.2,255.0,2019-12-13 19:00,,0.3,23,62,1,,,313
楠梓加工出口區,高雄市,72,細懸浮微粒,普通,1.3,0.6,17,35.0,67,28,29.0,31.0,2.5,0.5,66.0,2019-12-13 20:00,,0.4,24,55,15,,,310
高雄(楠梓),高雄市,72,細懸浮微粒,普通,1.3,0.6,17,35.0,67,28,29.0,31.0,2.5,0.5,66.0,2019-12-13 20:00,,0.4,24,55,15,,,310
桃園(觀音工業區),桃園市,41,,良好,0.2,0.11,29,30.0,43,10,9.1,10.0,0.9,2.8,62.0,2019-12-13 20:00,,0.1,12,44,2,,,312
高雄(左營),高雄市,70,細懸浮微粒,普通,0.9,0.4,24,44.0,70,28,21.0,22.0,1.0,1.9,225.0,2019-12-13 20:00,,0.3,23,63,1,,,313
大同,臺北市,53,細懸浮微粒,普通,4.5,1.01,-,,40,15,43.0,98.0,55.0,,,2019-12-13 20:00,,1.0,16,42,3,121.51331100000002,25.0632,16
桃園,桃園市,47,,良好,3.6,0.64,20,26.0,35,16,27.0,29.0,2.2,2.7,74.0,2019-12-13 20:00,,0.5,15,35,4,121.304383,24.995368,17
大園,桃園市,43,,良好,5.3,0.2,38,41.0,32,15,13.0,15.0,2.0,6.2,30.0,2019-12-13 20:00,,0.2,13,36,4,121.201811,25.060344,18
觀音,桃園市,41,,良好,5.2,0.2,38,43.0,36,14,11.0,11.0,0.5,5.2,57.0,2019-12-13 20:00,,0.2,13,36,4,121.082761,25.035503,19
平鎮,桃園市,41,,良好,2.6,0.62,22,28.0,35,11,27.0,31.0,3.6,2.1,52.0,2019-12-13 20:00,,0.5,13,37,3,121.20398600000001,24.952786,20
龍潭,桃園市,47,,良好,3.4,0.45,27,34.0,31,12,17.0,19.0,1.5,3.2,69.0,2019-12-13 20:00,,0.4,15,32,3,121.21635,24.863869,21
湖口,新竹縣,45,,良好,3.2,0.25,31,40.0,35,13,14.0,14.0,0.2,2.7,45.0,2019-12-13 20:00,,0.2,14,36,3,121.038653,24.900142000000002,22
竹東,新竹縣,49,,良好,2.4,0.66,7.5,33.0,39,19,25.0,29.0,3.8,0.5,117.0,2019-12-13 20:00,,0.4,15,35,2,121.088903,24.740644,23
新竹,新竹市,51,細懸浮微粒,普通,4.3,0.45,16,35.0,39,21,27.0,28.0,1.3,1.8,59.0,2019-12-13 20:00,,0.3,16,40,3,120.972075,24.805619,24
頭份,苗栗縣,51,細懸浮微粒,普通,6.1,0.56,11,29.0,48,18,33.0,37.0,3.8,1.5,44.0,2019-12-13 20:00,,0.4,16,44,2,120.898572,24.696969,25
苗栗,苗栗縣,58,細懸浮微粒,普通,2.4,0.59,12,26.0,46,17,23.0,26.0,3.0,1.4,33.0,2019-12-13 20:00,,0.4,18,44,2,120.8202,24.565269,26
三義,苗栗縣,66,細懸浮微粒,普通,1.9,0.29,23,39.0,31,15,14.0,14.0,0.5,3.4,28.0,2019-12-13 20:00,,0.3,22,45,2,120.75883300000001,24.382942,27
豐原,臺中市,67,細懸浮微粒,普通,1.8,0.37,20,40.0,42,24,19.0,21.0,1.7,0.8,78.0,2019-12-13 20:00,,0.3,22,47,2,120.74171100000001,24.256586,28
沙鹿,臺中市,57,細懸浮微粒,普通,1.5,0.23,32,41.0,40,11,12.0,13.0,0.6,2.7,5.1,2019-12-13 20:00,,0.2,18,40,2,120.568794,24.225628,29
大里,臺中市,63,細懸浮微粒,普通,3.3,0.61,13,35.0,49,18,28.0,30.0,1.7,1.3,30.0,2019-12-13 20:00,,0.4,20,52,3,120.67768899999999,24.099611,30
忠明,臺中市,62,細懸浮微粒,普通,1.7,0.38,25,38.0,45,13,18.0,19.0,1.3,1.9,347.0,2019-12-13 20:00,,0.3,20,46,2,120.64109199999999,24.151958,31
西屯,臺中市,58,細懸浮微粒,普通,2.2,0.26,27,41.0,49,14,18.0,19.0,1.1,3.0,349.0,2019-12-13 20:00,,0.2,19,55,3,120.61691699999999,24.162197,32
彰化,彰化縣,54,細懸浮微粒,普通,2.1,0.48,26,37.0,40,15,16.0,16.0,-0.1,2.5,5.0,2019-12-13 20:00,,0.4,17,44,2,120.541519,24.066,33
線西,彰化縣,44,,良好,3.4,0.24,39,42.0,35,11,9.2,9.1,-0.1,3.9,34.0,2019-12-13 20:00,,0.3,14,43,4,120.46906100000001,24.131672000000002,34
二林,彰化縣,53,懸浮微粒,普通,4.8,0.21,35,40.0,41,14,7.5,8.9,1.4,3.3,6.3,2019-12-13 20:00,,0.2,15,58,4,120.409653,23.925175,35
南投,南投縣,62,細懸浮微粒,普通,1.4,0.59,12,42.0,53,18,32.0,38.0,5.6,0.6,19.0,2019-12-13 20:00,,0.4,20,51,1,120.68530600000001,23.913,36
斗六,雲林縣,76,細懸浮微粒,普通,0.7,0.34,21,43.0,61,21,21.0,22.0,1.6,1.4,357.0,2019-12-13 20:00,,0.3,26,63,2,120.54499399999999,23.711853,37
崙背,雲林縣,58,細懸浮微粒,普通,2.5,0.25,33,42.0,55,25,10.0,11.0,1.3,1.2,4.6,2019-12-13 20:00,,0.2,18,50,3,120.34874199999999,23.757547,38
新港,嘉義縣,67,細懸浮微粒,普通,2.6,0.27,27,44.0,55,13,12.0,12.0,0.3,2.1,353.0,2019-12-13 20:00,,0.2,22,61,3,120.34553100000001,23.554839,39
朴子,嘉義縣,48,,良好,1.9,0.24,28,44.0,46,11,9.1,11.0,2.0,1.4,359.0,2019-12-13 20:00,,0.2,15,52,2,120.24781000000002,23.467123,40
臺西,雲林縣,47,,良好,1.9,0.14,48,51.0,30,11,3.9,6.4,2.5,7.8,10.0,2019-12-13 20:00,,0.1,13,35,2,120.20284199999999,23.717533,41
嘉義,嘉義市,75,細懸浮微粒,普通,10.0,0.6,13,39.0,67,25,30.0,31.0,1.4,2.1,7.6,2019-12-13 20:00,,0.4,25,57,5,120.44083300000001,23.462778,42
新營,臺南市,64,細懸浮微粒,普通,1.6,0.32,23,43.0,52,19,16.0,17.0,1.0,2.1,16.0,2019-12-13 20:00,,0.3,21,52,2,120.31725,23.305633,43
善化,臺南市,63,細懸浮微粒,普通,1.7,0.29,26,46.0,61,19,16.0,17.0,1.0,2.8,346.0,2019-12-13 20:00,,0.2,20,54,3,120.297142,23.115097,44
安南,臺南市,67,細懸浮微粒,普通,1.7,0.25,35,50.0,50,17,11.0,11.0,0.4,2.9,351.0,2019-12-13 20:00,,0.2,22,53,2,120.2175,23.048197000000002,45
臺南,臺南市,65,細懸浮微粒,普通,1.8,0.38,32,46.0,46,18,15.0,16.0,1.0,0.8,21.0,2019-12-13 20:00,,0.3,21,50,3,120.20261699999999,22.984581,46
美濃,高雄市,53,細懸浮微粒,普通,0.7,0.31,27,48.0,38,21,12.0,14.0,2.4,1.1,36.0,2019-12-13 20:00,,0.2,17,33,1,120.530542,22.883582999999998,47
橋頭,高雄市,64,細懸浮微粒,普通,3.5,0.53,20,44.0,67,27,30.0,32.0,1.6,1.6,16.0,2019-12-13 20:00,,0.4,21,56,4,120.30568899999999,22.757506,48
仁武,高雄市,71,細懸浮微粒,普通,2.9,0.49,22,43.0,66,29,30.0,31.0,0.8,3.2,336.0,2019-12-13 20:00,,0.3,24,57,3,120.332631,22.689056,49
鳳山,高雄市,60,細懸浮微粒,普通,4.6,0.55,18,42.0,67,25,36.0,38.0,2.0,1.7,339.0,2019-12-13 20:00,,0.4,19,57,3,120.35808300000001,22.627392,50
大寮,高雄市,67,細懸浮微粒,普通,2.8,0.46,20,46.0,65,32,31.0,33.0,2.4,1.8,312.0,2019-12-13 20:00,,0.3,22,52,4,120.425081,22.565747,51
林園,高雄市,66,細懸浮微粒,普通,3.3,0.38,27,49.0,64,22,23.0,24.0,0.4,2.2,354.0,2019-12-13 20:00,,0.4,22,58,4,120.41175,22.4795,52
楠梓,高雄市,70,細懸浮微粒,普通,1.8,0.45,22,46.0,63,25,27.0,28.0,1.2,2.9,314.0,2019-12-13 20:00,,0.3,23,62,2,120.32828899999998,22.733667,53
左營,高雄市,64,細懸浮微粒,普通,2.9,0.45,27,48.0,58,20,23.0,24.0,0.7,2.3,356.0,2019-12-13 20:00,,0.3,21,49,3,120.29291699999999,22.674861,54
前金,高雄市,70,細懸浮微粒,普通,2.0,0.51,26,49.0,64,26,24.0,26.0,2.0,3.1,344.0,2019-12-13 20:00,,0.4,23,53,2,120.288086,22.632567,56
前鎮,高雄市,65,細懸浮微粒,普通,2.6,0.69,22,43.0,60,26,32.0,38.0,6.4,3.0,12.0,2019-12-13 20:00,,0.5,21,74,3,120.30756399999999,22.605386,57
小港,高雄市,65,細懸浮微粒,普通,1.4,0.67,20,44.0,61,27,35.0,36.0,1.9,1.6,7.3,2019-12-13 20:00,,0.4,21,55,3,120.337736,22.565832999999998,58
屏東,屏東縣,52,細懸浮微粒,普通,2.0,0.54,32,51.0,57,22,23.0,24.0,0.2,1.5,296.0,2019-12-13 20:00,,0.3,16,47,2,120.488033,22.673081,59
潮州,屏東縣,63,細懸浮微粒,普通,0.1,0.35,29,51.0,61,24,15.0,15.0,0.4,0.5,117.0,2019-12-13 20:00,,0.3,20,48,1,120.561175,22.523107999999997,60
恆春,屏東縣,54,臭氧八小時,普通,1.3,0.25,56,56.0,27,14,2.0,2.5,0.5,8.0,42.0,2019-12-13 20:00,,0.3,17,29,1,120.788928,21.958069000000002,61
臺東,臺東縣,46,,良好,1.4,0.38,44,49.0,38,14,5.9,6.4,0.6,1.2,340.0,2019-12-13 20:00,,0.4,14,35,2,121.15045,22.755357999999998,62
花蓮,花蓮縣,45,,良好,1.9,0.56,20,41.0,34,16,18.0,21.0,3.0,0.4,285.0,2019-12-13 20:00,,0.4,14,33,2,121.599769,23.971306,63
陽明,臺北市,38,,良好,0.7,0.14,40,41.0,11,6,0.9,1.9,1.0,,,2019-12-13 20:00,,0.1,7,15,1,121.529583,25.182722000000002,64
宜蘭,宜蘭縣,36,,良好,1.6,0.26,34,39.0,22,12,5.0,6.4,1.4,0.9,197.0,2019-12-13 20:00,,0.3,11,28,1,121.746394,24.747917,65
冬山,宜蘭縣,38,,良好,1.1,0.38,25,35.0,34,18,9.4,10.0,0.6,0.7,200.0,2019-12-13 20:00,,0.3,12,35,1,121.792928,24.632203,66
三重,新北市,54,細懸浮微粒,普通,6.2,2.08,-,,45,20,47.0,152.0,105.0,,,2019-12-13 20:00,,1.4,17,42,4,121.493806,25.072611,67
中壢,桃園市,49,,良好,3.4,0.97,11,18.0,38,14,37.0,58.0,21.0,1.3,6.8,2019-12-13 20:00,,0.8,15,37,3,121.221667,24.953278,68
竹山,南投縣,86,細懸浮微粒,普通,1.4,0.35,20,47.0,54,27,18.0,19.0,1.3,0.5,284.0,2019-12-13 20:00,,0.2,30,60,2,120.677306,23.756389000000002,69
永和,新北市,34,,良好,1.7,0.83,15,28.0,31,11,29.0,39.0,10.0,2.1,84.0,2019-12-13 20:00,,0.6,11,34,2,121.516306,25.017,70
復興,高雄市,64,細懸浮微粒,普通,3.1,0.76,19,39.0,63,22,35.0,42.0,7.3,1.1,158.0,2019-12-13 20:00,,0.6,21,53,3,120.312017,22.608711,71
埔里,南投縣,79,細懸浮微粒,普通,2.7,0.82,24,56.0,57,36,34.0,36.0,1.5,1.0,136.0,2019-12-13 20:00,,0.4,27,48,2,120.967903,23.968842000000002,72
馬祖,連江縣,52,細懸浮微粒,普通,1.1,0.17,52,51.0,26,15,5.6,6.3,0.8,0.5,98.0,2019-12-13 20:00,,0.2,16,29,2,119.949875,26.160469,75
金門,金門縣,57,細懸浮微粒,普通,4.8,0.28,40,48.0,48,19,13.0,14.0,0.7,3.2,79.0,2019-12-13 20:00,,0.3,18,53,3,118.312256,24.432133,77
馬公,澎湖縣,61,臭氧八小時,普通,1.6,0.19,55,58.0,36,16,2.8,3.8,1.0,3.2,17.0,2019-12-13 20:00,,0.2,16,42,2,119.566158,23.569031,78
關山,臺東縣,43,,良好,1.6,-,33,39.0,27,14,6.1,6.8,0.7,0.8,52.0,2019-12-13 20:00,,,13,26,2,121.161933,23.045082999999998,80
麥寮,雲林縣,44,,良好,1.3,0.22,38,42.0,45,9,7.0,8.4,1.4,4.9,2.6,2019-12-13 20:00,,0.2,13,42,2,120.251825,23.753505999999998,83
富貴角,新北市,46,,良好,0.1,0.14,48,46.0,37,12,1.3,1.4,0.1,4.3,51.0,2019-12-13 20:00,,0.1,12,50,1,121.536763,25.298562,84
臺南(麻豆),臺南市,60,細懸浮微粒,普通,4.2,0.05,30,46.0,46,11,12.0,13.0,1.0,1.5,0.9,2019-12-13 20:00,,0.1,19,52,4,,,201
彰化(大城),彰化縣,50,,良好,1.9,0.13,51,54.0,32,12,,,,4.7,76.0,2019-12-13 20:00,,0.2,13,34,2,,,202
新北(樹林),新北市,45,,良好,1.9,0.62,15,20.0,38,12,28.0,38.0,11.0,1.0,167.0,2019-12-13 20:00,,0.5,14,39,2,120.34874199999999,23.757547,203
屏東(琉球),屏東縣,61,細懸浮微粒,普通,3.1,0.37,25,57.0,46,19,24.0,25.0,0.5,1.9,322.0,2019-12-13 20:00,,0.2,20,48,5,,,204
桃園(觀音工業區),桃園市,40,,良好,0.1,0.11,33,30.0,40,14,5.3,6.0,0.7,3.0,67.0,2019-12-13 21:00,,0.1,12,43,1,,,312
高雄(左營),高雄市,72,細懸浮微粒,普通,0.9,0.33,23,40.0,64,26,15.0,16.0,1.0,1.0,157.0,2019-12-13 21:00,,0.3,24,63,1,,,313
基隆,基隆市,37,,良好,2.1,0.55,5.7,20.0,27,12,27.0,34.0,7.1,0.7,302.0,2019-12-13 22:00,,0.4,12,32,2,121.760056,25.129167000000002,1
汐止,新北市,45,,良好,5.0,0.58,2.5,18.0,36,13,36.0,55.0,19.0,1.5,42.0,2019-12-13 22:00,,0.4,14,35,4,121.6423,25.067131,2
萬里,新北市,38,,良好,1.9,0.21,21,28.0,19,10,9.0,11.0,2.3,2.2,205.0,2019-12-13 22:00,,0.2,12,32,2,121.689881,25.179667000000002,3
新店,新北市,37,,良好,2.2,0.61,15,25.0,22,11,,,,1.1,125.0,2019-12-13 22:00,,0.5,12,27,2,121.537778,24.977222,4
土城,新北市,34,,良好,1.5,0.53,22,27.0,28,12,21.0,22.0,0.4,1.4,345.0,2019-12-13 22:00,,0.5,11,32,2,121.45186100000001,24.982528,5
板橋,新北市,42,,良好,11.0,0.65,12,18.0,30,11,35.0,42.0,7.1,1.8,70.0,2019-12-13 22:00,,0.6,13,35,5,121.45866699999999,25.012972,6
新莊,新北市,43,,良好,2.7,0.52,17,26.0,38,14,28.0,30.0,1.8,3.0,65.0,2019-12-13 22:00,,0.4,13,40,3,121.4325,25.037972,7
菜寮,新北市,42,,良好,4.3,0.49,16,23.0,32,13,27.0,30.0,2.9,3.0,80.0,2019-12-13 22:00,,0.5,13,32,3,121.48102800000001,25.06895,8
林口,新北市,42,,良好,4.2,0.32,26,24.0,25,11,20.0,22.0,1.6,2.7,106.0,2019-12-13 22:00,,0.3,13,31,4,121.376869,25.077197,9
淡水,新北市,46,,良好,0.6,0.61,7.6,20.0,20,12,22.0,28.0,6.2,,,2019-12-13 22:00,,0.5,14,27,1,121.44923899999999,25.1645,10
新北(樹林),新北市,43,,良好,1.8,0.56,16,16.0,39,12,25.0,35.0,9.4,0.9,171.0,2019-12-13 21:00,,0.5,13,39,2,120.34874199999999,23.757547,203
屏東(琉球),屏東縣,62,細懸浮微粒,普通,4.8,0.51,22,52.0,57,27,29.0,30.0,0.5,2.6,323.0,2019-12-13 21:00,,0.3,20,49,5,,,204
楠梓加工出口區,高雄市,74,細懸浮微粒,普通,2.5,0.44,21,32.0,68,27,22.0,23.0,0.9,1.5,60.0,2019-12-13 21:00,,0.4,25,58,14,,,310
高雄(楠梓),高雄市,74,細懸浮微粒,普通,2.5,0.44,21,32.0,68,27,22.0,23.0,0.9,1.5,60.0,2019-12-13 21:00,,0.4,25,58,14,,,310
土城,新北市,33,,良好,1.5,0.54,20,29.0,28,9,25.0,25.0,0.5,1.2,8.5,2019-12-13 21:00,,0.5,10,34,2,121.45186100000001,24.982528,5
板橋,新北市,45,,良好,10.0,0.69,8.7,21.0,37,13,38.0,49.0,11.0,2.1,85.0,2019-12-13 21:00,,0.5,14,35,5,121.45866699999999,25.012972,6
新莊,新北市,45,,良好,4.4,0.52,16,30.0,42,12,30.0,32.0,2.0,3.0,65.0,2019-12-13 21:00,,0.4,14,40,3,121.4325,25.037972,7
菜寮,新北市,42,,良好,3.4,0.54,16,25.0,33,14,29.0,32.0,3.5,2.2,86.0,2019-12-13 21:00,,0.4,13,32,3,121.48102800000001,25.06895,8
林口,新北市,43,,良好,3.1,0.34,26,25.0,26,13,21.0,23.0,2.0,3.2,92.0,2019-12-13 21:00,,0.3,13,32,4,121.376869,25.077197,9
淡水,新北市,49,,良好,0.7,0.52,8.2,25.0,17,14,20.0,24.0,3.7,,,2019-12-13 21:00,,0.4,15,30,1,121.44923899999999,25.1645,10
松山,臺北市,46,,良好,3.5,0.58,4.5,19.0,34,14,35.0,50.0,16.0,1.9,48.0,2019-12-13 21:00,,0.4,14,38,2,121.57861100000001,25.05,15
大同,臺北市,53,細懸浮微粒,普通,4.4,0.87,-,,32,15,42.0,92.0,50.0,,,2019-12-13 21:00,,1.0,16,41,3,121.51331100000002,25.0632,16
桃園,桃園市,46,,良好,5.3,0.61,18,24.0,36,14,,,,2.8,77.0,2019-12-13 21:00,,0.6,14,35,4,121.304383,24.995368,17
大園,桃園市,39,,良好,5.1,0.25,30,39.0,35,9,21.0,24.0,2.9,3.2,46.0,2019-12-13 21:00,,0.2,12,36,4,121.201811,25.060344,18
士林,臺北市,36,,良好,1.2,0.24,41,39.0,26,8,9.4,10.0,0.6,2.5,98.0,2019-12-13 21:00,,0.3,9,28,3,121.51538899999998,25.105417000000003,11
中山,臺北市,43,,良好,4.8,0.64,10,18.0,30,11,37.0,49.0,12.0,1.7,106.0,2019-12-13 21:00,,0.6,13,33,3,121.526528,25.062361,12
萬華,臺北市,41,,良好,2.5,0.53,9.7,20.0,34,13,36.0,47.0,12.0,2.5,102.0,2019-12-13 21:00,,0.4,13,36,1,121.507972,25.046503,13
古亭,臺北市,40,,良好,2.5,0.48,16,26.0,36,13,27.0,29.0,2.1,1.3,77.0,2019-12-13 21:00,,0.4,12,32,2,121.529556,25.020608,14
觀音,桃園市,39,,良好,4.6,0.22,41,42.0,36,12,9.3,9.5,0.3,5.2,72.0,2019-12-13 21:00,,0.2,12,36,4,121.082761,25.035503,19
平鎮,桃園市,42,,良好,3.4,0.62,19,26.0,37,15,28.0,32.0,3.9,2.6,71.0,2019-12-13 21:00,,0.5,13,37,3,121.20398600000001,24.952786,20
龍潭,桃園市,45,,良好,3.5,0.52,23,31.0,30,12,21.0,27.0,6.4,1.1,73.0,2019-12-13 21:00,,0.4,14,32,3,121.21635,24.863869,21
湖口,新竹縣,42,,良好,2.7,0.26,31,38.0,34,11,12.0,13.0,0.3,2.9,53.0,2019-12-13 21:00,,0.2,13,36,3,121.038653,24.900142000000002,22
竹東,新竹縣,57,細懸浮微粒,普通,3.1,0.66,9.2,28.0,43,32,19.0,22.0,3.3,1.7,134.0,2019-12-13 21:00,,0.4,18,36,2,121.088903,24.740644,23
新竹,新竹市,52,細懸浮微粒,普通,4.3,0.4,17,31.0,39,16,25.0,26.0,1.1,2.4,56.0,2019-12-13 21:00,,0.3,16,39,3,120.972075,24.805619,24
頭份,苗栗縣,51,細懸浮微粒,普通,4.1,0.46,13,25.0,37,17,31.0,34.0,2.5,1.1,95.0,2019-12-13 21:00,,0.4,16,44,2,120.898572,24.696969,25
苗栗,苗栗縣,60,細懸浮微粒,普通,2.8,0.74,1.5,22.0,42,23,30.0,41.0,11.0,0.8,59.0,2019-12-13 21:00,,0.4,19,45,2,120.8202,24.565269,26
三義,苗栗縣,64,細懸浮微粒,普通,2.0,0.27,23,36.0,36,19,13.0,14.0,0.6,2.8,31.0,2019-12-13 21:00,,0.3,21,43,2,120.75883300000001,24.382942,27
豐原,臺中市,67,細懸浮微粒,普通,1.5,0.42,8.7,34.0,42,21,22.0,25.0,2.7,1.4,118.0,2019-12-13 21:00,,0.3,22,46,2,120.74171100000001,24.256586,28
沙鹿,臺中市,55,細懸浮微粒,普通,2.0,0.27,26,39.0,41,14,15.0,16.0,0.9,1.7,356.0,2019-12-13 21:00,,0.2,17,40,2,120.568794,24.225628,29
大里,臺中市,61,細懸浮微粒,普通,3.7,0.53,14,31.0,48,17,25.0,26.0,1.3,0.6,45.0,2019-12-13 21:00,,0.5,20,51,3,120.67768899999999,24.099611,30
忠明,臺中市,60,細懸浮微粒,普通,2.2,0.43,19,34.0,45,16,21.0,22.0,1.1,1.7,53.0,2019-12-13 21:00,,0.3,19,46,2,120.64109199999999,24.151958,31
西屯,臺中市,56,細懸浮微粒,普通,2.9,0.3,20,37.0,59,16,21.0,23.0,1.5,2.4,29.0,2019-12-13 21:00,,0.2,18,55,3,120.61691699999999,24.162197,32
彰化,彰化縣,52,細懸浮微粒,普通,2.7,0.5,21,33.0,43,12,19.0,19.0,0.3,1.9,10.0,2019-12-13 21:00,,0.4,16,44,2,120.541519,24.066,33
線西,彰化縣,40,,良好,2.5,0.24,38,41.0,40,8,8.2,7.9,-0.3,4.1,40.0,2019-12-13 21:00,,0.3,12,43,4,120.46906100000001,24.131672000000002,34
二林,彰化縣,53,懸浮微粒,普通,3.4,0.26,31,38.0,40,13,7.7,9.0,1.2,1.8,25.0,2019-12-13 21:00,,0.2,15,58,4,120.409653,23.925175,35
南投,南投縣,60,細懸浮微粒,普通,1.5,0.6,3.2,35.0,54,20,30.0,40.0,9.7,0.6,78.0,2019-12-13 21:00,,0.5,19,51,1,120.68530600000001,23.913,36
斗六,雲林縣,73,細懸浮微粒,普通,1.0,0.33,16,38.0,54,18,21.0,22.0,1.6,1.5,0.9,2019-12-13 21:00,,0.3,24,61,2,120.54499399999999,23.711853,37
崙背,雲林縣,59,細懸浮微粒,普通,2.1,0.22,32,40.0,44,17,8.6,9.8,1.2,0.6,319.0,2019-12-13 21:00,,0.2,19,49,3,120.34874199999999,23.757547,38
新港,嘉義縣,69,細懸浮微粒,普通,2.8,0.27,26,40.0,64,24,12.0,12.0,0.4,2.0,353.0,2019-12-13 21:00,,0.2,23,61,3,120.34553100000001,23.554839,39
朴子,嘉義縣,46,,良好,1.8,0.22,32,41.0,41,9,6.7,8.6,1.9,1.4,9.4,2019-12-13 21:00,,0.2,14,50,2,120.24781000000002,23.467123,40
臺西,雲林縣,46,,良好,2.1,0.14,48,50.0,33,12,3.2,4.8,1.7,6.0,16.0,2019-12-13 21:00,,0.1,12,34,2,120.20284199999999,23.717533,41
嘉義,嘉義市,72,細懸浮微粒,普通,9.3,0.54,14,33.0,62,23,26.0,28.0,2.0,2.2,6.4,2019-12-13 21:00,,0.5,24,57,4,120.44083300000001,23.462778,42
新營,臺南市,63,細懸浮微粒,普通,1.8,0.33,20,39.0,51,21,17.0,18.0,1.0,1.9,359.0,2019-12-13 21:00,,0.3,20,51,2,120.31725,23.305633,43
善化,臺南市,59,細懸浮微粒,普通,1.7,0.28,23,42.0,56,21,15.0,16.0,0.9,2.3,346.0,2019-12-13 21:00,,0.2,19,54,3,120.297142,23.115097,44
安南,臺南市,65,細懸浮微粒,普通,1.7,0.27,31,46.0,48,19,11.0,11.0,0.1,2.4,353.0,2019-12-13 21:00,,0.2,21,51,2,120.2175,23.048197000000002,45
臺南,臺南市,65,細懸浮微粒,普通,2.0,0.38,27,42.0,48,23,15.0,16.0,1.1,1.4,3.5,2019-12-13 21:00,,0.4,21,49,3,120.20261699999999,22.984581,46
美濃,高雄市,52,細懸浮微粒,普通,0.8,0.33,21,44.0,31,17,11.0,14.0,2.4,0.4,4.3,2019-12-13 21:00,,0.3,16,33,1,120.530542,22.883582999999998,47
橋頭,高雄市,65,細懸浮微粒,普通,3.7,0.4,20,39.0,68,22,22.0,24.0,1.6,2.8,15.0,2019-12-13 21:00,,0.4,21,58,4,120.30568899999999,22.757506,48
仁武,高雄市,72,細懸浮微粒,普通,2.6,0.42,18,38.0,62,26,26.0,27.0,0.7,2.3,329.0,2019-12-13 21:00,,0.4,24,58,3,120.332631,22.689056,49
鳳山,高雄市,63,細懸浮微粒,普通,4.7,0.52,12,37.0,70,25,36.0,38.0,1.5,1.3,337.0,2019-12-13 21:00,,0.5,20,59,3,120.35808300000001,22.627392,50
大寮,高雄市,69,細懸浮微粒,普通,3.1,0.37,22,42.0,71,28,23.0,26.0,2.2,2.2,313.0,2019-12-13 21:00,,0.3,23,54,4,120.425081,22.565747,51
林園,高雄市,70,細懸浮微粒,普通,4.0,0.53,18,44.0,82,32,34.0,35.0,1.0,3.2,347.0,2019-12-13 21:00,,0.5,23,61,4,120.41175,22.4795,52
楠梓,高雄市,70,細懸浮微粒,普通,1.7,0.38,22,41.0,63,23,20.0,21.0,0.9,1.9,319.0,2019-12-13 21:00,,0.3,23,62,2,120.32828899999998,22.733667,53
左營,高雄市,67,細懸浮微粒,普通,2.7,0.46,23,43.0,59,28,21.0,22.0,0.5,2.1,353.0,2019-12-13 21:00,,0.3,22,51,3,120.29291699999999,22.674861,54
前金,高雄市,73,細懸浮微粒,普通,1.4,0.46,24,44.0,64,29,20.0,22.0,2.2,2.7,347.0,2019-12-13 21:00,,0.4,24,54,2,120.288086,22.632567,56
前鎮,高雄市,63,細懸浮微粒,普通,2.3,0.8,16,38.0,72,19,33.0,40.0,6.9,2.3,20.0,2019-12-13 21:00,,0.6,20,64,3,120.30756399999999,22.605386,57
小港,高雄市,68,細懸浮微粒,普通,1.8,0.57,15,39.0,66,27,35.0,37.0,2.0,1.4,10.0,2019-12-13 21:00,,0.4,22,56,2,120.337736,22.565832999999998,58
屏東,屏東縣,56,細懸浮微粒,普通,2.0,0.5,29,48.0,59,24,22.0,23.0,0.6,1.1,305.0,2019-12-13 21:00,,0.4,18,48,2,120.488033,22.673081,59
潮州,屏東縣,62,細懸浮微粒,普通,0.2,0.3,26,47.0,45,21,10.0,10.0,0.5,0.5,71.0,2019-12-13 21:00,,0.3,20,48,1,120.561175,22.523107999999997,60
恆春,屏東縣,54,臭氧八小時,普通,1.3,0.25,54,56.0,23,12,2.1,2.6,0.5,7.9,41.0,2019-12-13 21:00,,0.3,15,28,1,120.788928,21.958069000000002,61
臺東,臺東縣,46,,良好,1.4,0.41,39,48.0,29,15,7.7,8.3,0.6,1.3,332.0,2019-12-13 21:00,,0.4,14,34,2,121.15045,22.755357999999998,62
花蓮,花蓮縣,48,,良好,1.9,0.51,20,37.0,37,21,15.0,18.0,2.9,0.4,303.0,2019-12-13 21:00,,0.4,15,34,2,121.599769,23.971306,63
陽明,臺北市,38,,良好,0.5,0.13,40,41.0,11,6,1.1,1.9,0.8,,,2019-12-13 21:00,,0.1,7,14,1,121.529583,25.182722000000002,64
宜蘭,宜蘭縣,36,,良好,1.5,0.26,26,37.0,23,12,5.6,7.1,1.5,0.5,156.0,2019-12-13 21:00,,0.3,11,27,1,121.746394,24.747917,65
冬山,宜蘭縣,39,,良好,1.2,0.4,17,32.0,35,10,14.0,15.0,1.0,0.6,183.0,2019-12-13 21:00,,0.3,12,34,1,121.792928,24.632203,66
三重,新北市,55,細懸浮微粒,普通,5.3,1.7,-,,37,18,48.0,141.0,93.0,,,2019-12-13 21:00,,1.5,17,41,4,121.493806,25.072611,67
中壢,桃園市,47,,良好,3.4,0.93,11,16.0,33,13,35.0,56.0,21.0,1.1,358.0,2019-12-13 21:00,,0.8,14,36,3,121.221667,24.953278,68
竹山,南投縣,87,細懸浮微粒,普通,4.1,0.33,13,40.0,51,29,22.0,23.0,1.5,0.5,150.0,2019-12-13 21:00,,0.3,30,59,2,120.677306,23.756389000000002,69
永和,新北市,34,,良好,1.6,0.66,18,26.0,33,11,27.0,35.0,8.5,1.4,82.0,2019-12-13 21:00,,0.6,11,34,2,121.516306,25.017,70
復興,高雄市,65,細懸浮微粒,普通,3.0,0.84,13,34.0,65,25,35.0,42.0,6.6,1.0,160.0,2019-12-13 21:00,,0.6,21,55,3,120.312017,22.608711,71
埔里,南投縣,81,細懸浮微粒,普通,3.2,0.66,19,51.0,51,29,31.0,33.0,2.6,1.2,236.0,2019-12-13 21:00,,0.5,28,49,2,120.967903,23.968842000000002,72
馬祖,連江縣,53,細懸浮微粒,普通,1.2,0.18,48,51.0,30,17,6.0,6.7,0.7,0.8,115.0,2019-12-13 21:00,,0.2,16,29,2,119.949875,26.160469,75
金門,金門縣,57,細懸浮微粒,普通,4.4,0.29,40,46.0,45,17,12.0,12.0,0.5,2.5,87.0,2019-12-13 21:00,,0.3,18,52,4,118.312256,24.432133,77
馬公,澎湖縣,61,臭氧八小時,普通,1.7,0.18,55,58.0,40,15,3.3,4.2,0.9,3.5,21.0,2019-12-13 21:00,,0.2,15,42,2,119.566158,23.569031,78
關山,臺東縣,44,,良好,1.5,-,32,38.0,33,15,4.7,5.4,0.7,0.8,359.0,2019-12-13 21:00,,,13,27,2,121.161933,23.045082999999998,80
麥寮,雲林縣,41,,良好,1.3,0.21,39,41.0,37,11,6.2,6.7,0.5,3.4,8.6,2019-12-13 21:00,,0.2,13,41,2,120.251825,23.753505999999998,83
富貴角,新北市,43,,良好,0.1,0.14,48,46.0,38,10,1.1,1.2,0.1,5.2,31.0,2019-12-13 21:00,,0.1,12,45,1,121.536763,25.298562,84
臺南(麻豆),臺南市,57,細懸浮微粒,普通,4.2,0.04,27,43.0,49,18,12.0,13.0,1.0,1.8,51.0,2019-12-13 21:00,,0.1,18,51,4,,,201
彰化(大城),彰化縣,49,,良好,1.8,0.13,51,53.0,32,10,3.0,2.8,-0.2,4.0,49.0,2019-12-13 21:00,,0.1,12,34,2,,,202
